-11 8.74e-07 9.28e-10 1 9.28e-10 1 9.28e-10 0
-10.8 1.3e-06 7.57e-10 1 7.57e-10 1 7.57e-10 0
-10.6 1.94e-06 9.77e-10 1 9.77e-10 1 9.77e-10 0
-10.4 2.9e-06 1.7e-09 1 1.7e-09 1 1.7e-09 0
-10.2 4.32e-06 2.69e-09 1 2.69e-09 1 2.69e-09 0
-10 6.46e-06 4.9e-09 1 4.9e-09 1 4.9e-09 0
-9.8 9.62e-06 6.61e-09 1 6.61e-09 1 6.61e-09 0
-9.6 1.44e-05 1.38e-08 1 1.38e-08 1 1.38e-08 0
-9.4 2.14e-05 2.33e-08 1 2.33e-08 1 2.33e-08 0
-9.2 3.19e-05 3.96e-08 1 3.96e-08 1 3.96e-08 0
-9 4.77e-05 3.1e-08 1 3.1e-08 1 3.1e-08 0
-8.8 7.09e-05 5.21e-08 1 5.21e-08 1 5.21e-08 0
-8.6 0.000106 6.45e-08 1 6.44e-08 1 6.44e-08 0
-8.4 0.000158 1.83e-07 1 1.83e-07 1 1.83e-07 0
-8.2 0.000235 1.95e-07 1 1.95e-07 1 1.95e-07 0
-8 0.000349 3.8e-07 1 3.79e-07 1 3.79e-07 0
-7.8 0.000518 3.12e-07 1 3.11e-07 1 3.11e-07 0
-7.6 0.000767 6.9e-07 1 6.88e-07 1 6.88e-07 0
-7.4 0.00113 7.82e-07 1 7.8e-07 1 7.8e-07 0
-7.2 0.00166 1.09e-06 1 1.09e-06 1 1.09e-06 0
-7 0.00243 1.34e-06 1 1.33e-06 1 1.33e-06 0
-6.8 0.00351 2.28e-06 1 2.25e-06 1 2.25e-06 0
-6.6 0.00502 2.53e-06 1 2.49e-06 1 2.49e-06 0
-6.4 0.00709 8.46e-06 1 8.35e-06 1 8.35e-06 0
-6.2 0.00984 5.05e-06 1 4.94e-06 1 4.94e-06 0
-6 0.0135 7.7e-06 1 7.5e-06 1 7.5e-06 0
-5.8 0.0181 1.1e-05 1 1.08e-05 1 1.08e-05 0
-5.6 0.0239 1.05e-05 1 9.98e-06 1 9.98e-06 0
-5.4 0.0311 2.18e-05 1 2.12e-05 1 2.12e-05 0
-5.2 0.0398 1.55e-05 1 1.53e-05 1 1.53e-05 0
-5 0.05 2.07e-05 1 1.91e-05 1 1.91e-05 0
-4.8 0.0617 2.51e-05 1 2.5e-05 1 2.5e-05 0
-4.6 0.0749 2.82e-05 1 2.69e-05 1 2.69e-05 0
-4.4 0.0899 3.17e-05 1 2.98e-05 1 2.98e-05 0
-4.2 0.106 3.91e-05 1.01 3.63e-05 0.915 3.63e-05 0
-4 0.124 4.49e-05 1.01 4.2e-05 0.905 4.2e-05 0
-3.8 0.144 2.66e-05 1.01 2.66e-05 0.894 2.66e-05 0
-3.6 0.164 3.85e-05 1.01 3.65e-05 0.882 3.65e-05 0
-3.4 0.186 4.44e-05 1.02 3.38e-05 0.869 3.38e-05 0
-3.2 0.21 3.15e-05 1.02 2.64e-05 0.856 2.64e-05 0
-3 0.235 5.06e-05 1.02 5.62e-05 0.841 5.62e-05 0
-2.8 0.261 5.06e-05 1.03 4.62e-05 0.826 4.62e-05 0
-2.6 0.289 6e-05 1.03 7.18e-05 0.809 7.18e-05 0
-2.4 0.32 4.91e-05 1.03 5.46e-05 0.793 5.46e-05 0
-2.2 0.352 4.49e-05 1.04 4.37e-05 0.776 4.37e-05 0
-2 0.386 6.06e-05 1.05 5.37e-05 0.76 5.37e-05 0
-1.8 0.422 7.99e-05 1.05 0.000104 0.743 0.000104 0
-1.6 0.46 6.9e-05 1.06 0.000112 0.726 0.000112 0
-1.4 0.499 6.98e-05 1.07 8.23e-05 0.708 8.23e-05 0
-1.2 0.539 3.08e-05 1.08 8.11e-05 0.69 8.11e-05 0
-1 0.581 5.2e-05 1.1 7.4e-05 0.67 7.4e-05 0
-0.8 0.623 5.89e-05 1.11 9.08e-05 0.65 9.08e-05 0
-0.6 0.665 3.74e-05 1.13 8.84e-05 0.629 8.84e-05 0
-0.4 0.708 4.07e-05 1.15 9.03e-05 0.607 9.03e-05 0
-0.2 0.751 4.54e-05 1.17 0.000113 0.585 0.000113 0
0 0.793 2.57e-05 1.19 0.000153 0.563 0.000153 0
0.2 0.836 2.24e-05 1.2 9.12e-05 0.542 9.12e-05 0
0.4 0.877 2.49e-05 1.21 0.000106 0.521 0.000106 0
0.6 0.918 1.27e-05 1.2 0.000152 0.501 0.000152 0
0.8 0.959 8.47e-06 1.18 0.000154 0.481 0.000154 0
1 1 0 1.14 0.00013 0.462 0.00013 0
1.2 1.04 8.47e-06 1.09 0.000154 0.444 0.000154 0
1.4 1.08 1.27e-05 1.02 0.000152 0.425 0.000152 0
1.6 1.12 2.49e-05 0.943 0.000106 0.407 0.000106 0
1.8 1.16 2.24e-05 0.861 9.12e-05 0.389 9.12e-05 0
2 1.21 2.57e-05 0.78 0.000153 0.37 0.000153 0
2.2 1.25 4.54e-05 0.702 0.000113 0.352 0.000113 0
2.4 1.29 4.07e-05 0.63 9.03e-05 0.333 9.03e-05 0
2.6 1.33 3.74e-05 0.564 8.84e-05 0.313 8.84e-05 0
2.8 1.38 5.89e-05 0.503 9.08e-05 0.294 9.08e-05 0
3 1.42 5.2e-05 0.449 7.4e-05 0.274 7.4e-05 0
3.2 1.46 3.08e-05 0.4 8.11e-05 0.255 8.11e-05 0
3.4 1.5 6.98e-05 0.357 8.23e-05 0.236 8.23e-05 0
3.6 1.54 6.9e-05 0.317 0.000112 0.217 0.000112 0
3.8 1.58 7.99e-05 0.282 0.000104 0.199 0.000104 0
4 1.61 6.06e-05 0.25 5.37e-05 0.182 5.37e-05 0
4.2 1.65 4.49e-05 0.222 4.37e-05 0.166 4.37e-05 0
4.4 1.68 4.91e-05 0.197 5.46e-05 0.151 5.46e-05 0
4.6 1.71 6e-05 0.174 7.18e-05 0.137 7.18e-05 0
4.8 1.74 5.06e-05 0.154 4.62e-05 0.124 4.62e-05 0
5 1.77 5.06e-05 0.136 5.62e-05 0.112 5.62e-05 0
5.2 1.79 3.15e-05 0.119 2.64e-05 0.1 2.64e-05 0
5.4 1.81 4.44e-05 0.104 3.38e-05 0.0892 3.38e-05 0
5.6 1.84 3.85e-05 0.0907 3.65e-05 0.0789 3.65e-05 0
5.8 1.86 2.66e-05 0.0782 2.66e-05 0.0691 2.66e-05 0
6 1.88 4.49e-05 0.0669 4.2e-05 0.0599 4.2e-05 0
6.2 1.89 3.91e-05 0.0566 3.63e-05 0.0513 3.63e-05 0
6.4 1.91 3.17e-05 0.0474 2.98e-05 0.0435 2.98e-05 0
6.6 1.93 2.82e-05 0.0392 2.69e-05 0.0363 2.69e-05 0
6.8 1.94 2.51e-05 0.032 2.5e-05 0.03 2.5e-05 0
7 1.95 2.07e-05 0.0257 1.91e-05 0.0243 1.91e-05 0
7.2 1.96 1.55e-05 0.0203 1.53e-05 0.0194 1.53e-05 0
7.4 1.97 2.18e-05 0.0158 2.12e-05 0.0152 2.12e-05 0
7.6 1.98 1.05e-05 0.0121 9.98e-06 0.0117 9.98e-06 0
7.8 1.98 1.1e-05 0.00914 1.08e-05 0.00889 1.08e-05 0
8 1.99 7.7e-06 0.00678 7.5e-06 0.00663 7.5e-06 0
8.2 1.99 5.05e-06 0.00495 4.94e-06 0.00486 4.94e-06 0
8.4 1.99 8.46e-06 0.00356 8.35e-06 0.00351 8.35e-06 0
8.6 1.99 2.53e-06 0.00252 2.49e-06 0.00249 2.49e-06 0
8.8 2 2.28e-06 0.00176 2.25e-06 0.00175 2.25e-06 0
9 2 1.34e-06 0.00122 1.33e-06 0.00121 1.33e-06 0
9.2 2 1.09e-06 0.000831 1.09e-06 0.000831 1.09e-06 0
9.4 2 7.82e-07 0.000565 7.8e-07 0.000565 7.8e-07 0
9.6 2 6.9e-07 0.000384 6.88e-07 0.000383 6.88e-07 0
9.8 2 3.12e-07 0.000259 3.11e-07 0.000259 3.11e-07 0
10 2 3.8e-07 0.000175 3.79e-07 0.000175 3.79e-07 0
10.2 2 1.95e-07 0.000117 1.95e-07 0.000117 1.95e-07 0
10.4 2 1.83e-07 7.89e-05 1.83e-07 7.88e-05 1.83e-07 0
10.6 2 6.45e-08 5.29e-05 6.44e-08 5.29e-05 6.44e-08 0
10.8 2 5.21e-08 3.55e-05 5.21e-08 3.55e-05 5.21e-08 0
11 2 3.1e-08 2.38e-05 3.1e-08 2.38e-05 3.1e-08 0
11.2 2 3.96e-08 1.6e-05 3.96e-08 1.6e-05 3.96e-08 0
11.4 2 2.33e-08 1.07e-05 2.33e-08 1.07e-05 2.33e-08 0
11.6 2 1.38e-08 7.18e-06 1.38e-08 7.18e-06 1.38e-08 0
11.8 2 6.61e-09 4.81e-06 6.61e-09 4.81e-06 6.61e-09 0
12 2 4.9e-09 3.23e-06 4.9e-09 3.23e-06 4.9e-09 0
12.2 2 2.69e-09 2.16e-06 2.69e-09 2.16e-06 2.69e-09 0
12.4 2 1.7e-09 1.45e-06 1.7e-09 1.45e-06 1.7e-09 0
12.6 2 9.77e-10 9.72e-07 9.77e-10 9.72e-07 9.77e-10 0
