-15 0.0531 0.236 1 0.0116
-14.6 0.0584 0.256 1 0.0236
-14.2 0.0641 0.276 1 0.025
-13.8 0.0704 0.296 1 0.0264
-13.4 0.0772 0.317 1 0.0278
-13 0.0846 0.339 1 0.0294
-12.6 0.0927 0.362 1 0.0302
-12.2 0.101 0.386 1 0.0327
-11.8 0.111 0.411 1 0.0347
-11.4 0.121 0.437 1 0.0354
-11 0.132 0.464 1 0.0376
-10.6 0.144 0.493 1 0.0397
-10.2 0.157 0.522 1 0.0402
-9.8 0.17 0.553 1 0.0421
-9.4 0.185 0.584 1 0.0439
-9 0.2 0.616 1 0.0455
-8.6 0.217 0.649 1 0.0472
-8.2 0.234 0.682 1 0.0486
-7.8 0.253 0.715 1 0.0501
-7.4 0.272 0.748 1 0.0514
-7 0.293 0.782 1 0.0527
-6.6 0.314 0.815 1 0.0527
-6.2 0.336 0.848 1 0.0551
-5.8 0.36 0.88 1 0.0562
-5.4 0.384 0.912 1 0.0562
-5 0.409 0.945 1 0.0572
-4.6 0.435 0.976 0.954 0.0572
-4.2 0.461 1.01 0.949 0.0572
-3.8 0.488 1.04 0.943 0.0582
-3.4 0.516 1.06 0.937 0.0592
-3 0.545 1.09 0.93 0.0592
-2.6 0.574 1.11 0.922 0.0582
-2.2 0.603 1.13 0.913 0.0572
-1.8 0.632 1.14 0.904 0.0573
-1.4 0.662 1.15 0.895 0.0583
-1 0.693 1.16 0.885 0.0575
-0.6 0.723 1.16 0.86 0.0538
6.9 1.3 1.16 0.474 0.0485
7.3 1.33 1.16 0.45 0.0455
7.7 1.36 1.15 0.424 0.0451
8.1 1.39 1.13 0.4 0.0448
8.5 1.42 1.12 0.376 0.0445
8.9 1.45 1.09 0.354 0.0442
9.3 1.48 1.07 0.331 0.0366
9.7 1.5 1.04 0.31 0.0364
10.1 1.53 1.01 0.289 0.0434
10.5 1.56 0.984 0.27 0.036
10.9 1.58 0.953 0.251 0.0357
11.3 1.61 0.92 0.233 0.0356
11.7 1.63 0.888 0.216 0.0354
12.1 1.66 0.856 0.2 0.0352
12.5 1.68 0.823 0.185 0.028
12.9 1.7 0.79 0.171 0.0279
13.3 1.72 0.757 0.157 0.0278
13.7 1.74 0.723 0.145 0.0277
14.1 1.76 0.69 0.133 0.0276
14.5 1.78 0.657 0.122 0.0275
14.9 1.8 0.624 0.112 0.0206
15.3 1.81 0.592 0.103 0.0205
15.7 1.83 0.561 0.094 0.0205
16.1 1.84 0.53 0.086 0.0136
16.5 1.85 0.5 0.0786 0.0203
16.9 1.87 0.471 0.0718 0.0203
17.3 1.88 0.443 0.0655 0.0135
17.7 1.89 0.416 0.0597 0.0135
18.1 1.9 0.39 0.0544 0.0135
18.5 1.91 0.366 0.0495 0.00672
18.9 1.91 0.342 0.045 0.00671
19.3 1.92 0.32 0.041 0.0134
19.7 1.93 0.298 0.0373 0.0067
20.1 1.93 0.278 0.0339 0.00669
20.5 1.94 0.259 0.0308 0.0134
20.9 1.95 0.241 0.0279 0.00668
21.3 1.95 0.224 0.0254 0
21.7 1.95 0.208 0.023 0.00666
22.1 1.96 0.193 0.0209 0.00666
22.5 1.96 0.179 0.019 0.00665
22.9 1.97 0.166 0.0172 0.00665
23.3 1.97 0.153 0.0156 0
23.7 1.97 0.142 0.0141 0.00664
24.1 1.98 0.131 0.0128 0.00664
24.5 1.98 0.121 0.0116 0
24.9 1.98 0.112 0.0105 0
25.3 1.98 0.103 0.00953 0
25.7 1.98 0.0955 0.00863 0
26.1 1.98 0.0881 0.00782 0.00663
26.5 1.99 0.0812 0.00708 0.00663
26.9 1.99 0.0748 0.00642 0
27.3 1.99 0.0689 0.00581 0
27.7 1.99 0.0635 0.00526 0
28.1 1.99 0.0584 0.00477 0
28.5 1.99 0.0537 0.00431 0
28.9 1.99 0.0494 0.00391 0
29.3 1.99 0.0455 0.00353 0
29.7 1.99 0.0418 0.0032 0
30.1 1.99 0.0384 0.0029 0.00662
30.5 2 0.0353 0.00262 0.00662
30.9 2 0.0324 0.00237 0
31.3 2 0.0298 0.00215 0
31.7 2 0.0273 0.00194 0
32.1 2 0.0251 0.00176 0
32.5 2 0.023 0.00159 0
32.9 2 0.0211 0.00144 0
33.3 2 0.0194 0.0013 0
33.7 2 0.0178 0.00118 0
34.1 2 0.0163 0.00107 0
34.5 2 0.0149 0.000965 0
34.9 2 0.0137 0.000874 0
35.3 2 0.0125 0.000791 0
35.7 2 0.0115 0.000716 0
36.1 2 0.0105 0.000648 0
36.5 2 0.00964 0.000586 0
36.9 2 0.00883 0.00053 0
37.3 2 0.00809 0.00048 0
37.7 2 0.0074 0.000434 0
38.1 2 0.00678 0.000393 0
38.5 2 0.0062 0.000356 0
38.9 2 0.00568 0.000322 0
39.3 2 0.00519 0.000291 0
39.7 2 0.00475 0.000264 0
40.1 2 0.00435 0.000239 0
40.5 2 0.00398 0.000216 0
40.9 2 0.00364 0.000195 0
41.3 2 0.00333 0.000177 0
41.7 2 0.00304 0.00016 0
42.1 2 0.00278 0.000145 0
42.5 2 0.00254 0.000131 0
42.9 2 0.00232 0.000118 0
43.3 2 0.00212 0.000107 0
43.7 2 0.00194 9.7e-05 0
44.1 2 0.00177 8.78e-05 0
44.5 2 0.00162 7.94e-05 0
44.9 2 0.00148 7.19e-05 0
45.3 2 0.00135 6.51e-05 0
45.7 2 0.00124 5.89e-05 0
46.1 2 0.00113 5.33e-05 0
46.5 2 0.00103 4.82e-05 0
46.9 2 0.000942 4.36e-05 0
47.3 2 0.00086 3.95e-05 0
47.7 2 0.000785 3.57e-05 0
48.1 2 0.000717 3.23e-05 0
48.5 2 0.000654 2.92e-05 0
48.9 2 0.000597 2.64e-05 0
49.3 2 0.000545 2.39e-05 0
49.7 2 0.000498 2.17e-05 0
50.1 2 0.000454 1.96e-05 0
50.5 2 0.000414 1.77e-05 0
50.9 2 0.000378 1.6e-05 0
51.3 2 0.000345 1.45e-05 0
51.7 2 0.000315 1.31e-05 0
52.1 2 0.000287 1.19e-05 0
52.5 2 0.000262 1.08e-05 0
52.9 2 0.000239 9.74e-06 0
53.3 2 0.000218 8.81e-06 0
53.7 2 0.000199 7.96e-06 0
54.1 2 0.000181 7.21e-06 0
54.5 2 0.000165 6.52e-06 0
54.9 2 0.000151 5.89e-06 0
55.3 2 0.000137 5.34e-06 0
55.7 2 0.000125 4.83e-06 0
56.1 2 0.000114 4.37e-06 0
56.5 2 0.000104 3.95e-06 0
56.9 2 9.5e-05 3.58e-06 0
57.3 2 8.66e-05 3.24e-06 0
57.7 2 7.89e-05 2.93e-06 0
58.1 2 7.19e-05 2.65e-06 0
58.5 2 6.56e-05 2.4e-06 0
58.9 2 5.98e-05 2.17e-06 0
59.3 2 5.45e-05 1.96e-06 0
59.7 2 4.97e-05 1.78e-06 0
60.1 2 4.53e-05 1.61e-06 0
60.5 2 4.12e-05 1.46e-06 0
60.9 2 3.76e-05 1.32e-06 0
61.3 2 3.42e-05 1.19e-06 0
61.7 2 3.12e-05 1.08e-06 0
62.1 2 2.84e-05 9.75e-07 0
62.5 2 2.59e-05 8.83e-07 0
62.9 2 2.36e-05 7.99e-07 0
63.3 2 2.15e-05 7.23e-07 0
63.7 2 1.96e-05 6.54e-07 0
64.1 2 1.78e-05 5.91e-07 0
64.5 2 1.62e-05 5.35e-07 0
64.9 2 1.48e-05 4.85e-07 0
65.3 2 1.35e-05 4.38e-07 0
65.7 2 1.23e-05 3.97e-07 0
66.1 2 1.12e-05 3.59e-07 0
66.5 2 1.02e-05 3.25e-07 0
66.9 2 9.25e-06 2.94e-07 0
67.3 2 8.42e-06 2.66e-07 0
67.7 2 7.67e-06 2.41e-07 0
68.1 2 6.98e-06 2.18e-07 0
68.5 2 6.36e-06 1.97e-07 0
68.9 2 5.79e-06 1.78e-07 0
69.3 2 5.27e-06 1.61e-07 0
69.7 2 4.8e-06 1.46e-07 0
70.1 2 4.37e-06 1.32e-07 0
70.5 2 3.98e-06 1.2e-07 0
70.9 2 3.62e-06 1.08e-07 0
71.3 2 3.29e-06 9.79e-08 0
71.7 2 3e-06 8.85e-08 0
72.1 2 2.73e-06 8e-08 0
72.5 2 2.48e-06 7.24e-08 0
72.9 2 2.26e-06 6.56e-08 0
73.3 2 2.06e-06 5.94e-08 0
73.7 2 1.87e-06 5.37e-08 0
74.1 2 1.7e-06 4.85e-08 0
74.5 2 1.55e-06 4.39e-08 0
74.9 2 1.41e-06 3.98e-08 0
75.3 2 1.28e-06 3.6e-08 0
75.7 2 1.17e-06 3.26e-08 0
76.1 2 1.06e-06 2.95e-08 0
76.5 2 9.67e-07 2.67e-08 0
76.9 2 8.79e-07 2.41e-08 0
77.3 2 8e-07 2.18e-08 0
77.7 2 7.27e-07 1.97e-08 0
78.1 2 6.62e-07 1.79e-08 0
78.5 2 6.02e-07 1.62e-08 0
78.9 2 5.47e-07 1.46e-08 0
79.3 2 4.98e-07 1.32e-08 0
79.7 2 4.53e-07 1.2e-08 0
80.1 2 4.12e-07 1.08e-08 0
80.5 2 3.74e-07 9.8e-09 0
80.9 2 3.4e-07 8.88e-09 0
81.3 2 3.09e-07 8.04e-09 0
81.7 2 2.81e-07 7.27e-09 0
82.1 2 2.56e-07 6.57e-09 0
82.5 2 2.32e-07 5.94e-09 0
82.9 2 2.11e-07 5.38e-09 0
83.3 2 1.92e-07 4.87e-09 0
83.7 2 1.75e-07 4.4e-09 0
84.1 2 1.59e-07 3.99e-09 0
84.5 2 1.45e-07 3.61e-09 0
84.9 2 1.32e-07 3.26e-09 0
85.3 2 1.2e-07 2.95e-09 0
85.7 2 1.09e-07 2.67e-09 0
86.1 2 9.91e-08 2.42e-09 0
86.5 2 9.01e-08 2.19e-09 0
86.9 2 8.19e-08 1.98e-09 0
87.3 2 7.45e-08 1.79e-09 0
87.7 2 6.77e-08 1.62e-09 0
88.1 2 6.15e-08 1.47e-09 0
88.5 2 5.59e-08 1.33e-09 0
88.9 2 5.08e-08 1.2e-09 0
89.3 2 4.62e-08 1.09e-09 0
89.7 2 4.2e-08 9.84e-10 0
90.1 2 3.81e-08 8.9e-10 0
90.5 2 3.46e-08 8.05e-10 0
90.9 2 3.15e-08 7.29e-10 0
91.3 2 2.86e-08 6.59e-10 0
91.7 2 2.59e-08 5.96e-10 0
92.1 2 2.35e-08 5.39e-10 0
92.5 2 2.14e-08 4.88e-10 0
92.9 2 1.94e-08 4.42e-10 0
93.3 2 1.77e-08 4e-10 0
93.7 2 1.6e-08 3.62e-10 0
94.1 2 1.46e-08 3.27e-10 0
94.5 2 1.32e-08 2.96e-10 0
94.9 2 1.2e-08 2.68e-10 0
95.3 2 1.08e-08 2.42e-10 0
95.7 2 9.81e-09 2.19e-10 0
96.1 2 8.85e-09 1.98e-10 0
96.5 2 7.97e-09 1.8e-10 0
96.9 2 7.19e-09 1.63e-10 0
97.3 2 6.47e-09 1.47e-10 0
97.7 2 5.86e-09 1.33e-10 0
98.1 2 5.34e-09 1.2e-10 0
98.5 2 4.95e-09 1.09e-10 0
98.9 2 4.65e-09 9.85e-11 0
99.3 2 4.42e-09 8.81e-11 0
99.7 2 4.32e-09 8.13e-11 0
