-15 0.081 0.328 1 0.0127
-14.6 0.0877 0.35 1 0.0261
-14.2 0.0949 0.372 1 0.0279
-13.8 0.103 0.394 1 0.0286
-13.4 0.111 0.417 1 0.0294
-13 0.12 0.441 1 0.0321
-12.6 0.13 0.465 1 0.0329
-12.2 0.14 0.489 1 0.0337
-11.8 0.151 0.515 1 0.0344
-11.4 0.162 0.541 1 0.0351
-11 0.174 0.569 1 0.0373
-10.6 0.187 0.597 1 0.0393
-10.2 0.201 0.626 1 0.0412
-9.8 0.216 0.655 1 0.0417
-9.4 0.231 0.685 1 0.0421
-9 0.247 0.715 1 0.0438
-8.6 0.264 0.745 1 0.0455
-8.2 0.282 0.775 1 0.0458
-7.8 0.3 0.805 1 0.0473
-7.4 0.32 0.836 1 0.0487
-7 0.34 0.865 1 0.0489
-6.6 0.361 0.895 1 0.0492
-6.2 0.382 0.925 1 0.0505
-5.8 0.405 0.955 1 0.0518
-5.4 0.428 0.986 0.938 0.052
-5 0.452 1.02 0.933 0.0521
-4.6 0.476 1.04 0.927 0.0523
-4.2 0.501 1.07 0.921 0.0525
-3.8 0.526 1.09 0.913 0.0526
-3.4 0.552 1.11 0.905 0.0528
-3 0.578 1.13 0.897 0.053
-2.6 0.605 1.14 0.888 0.0532
-2.2 0.632 1.15 0.881 0.0524
-1.8 0.659 1.15 0.867 0.0498
7.7 1.33 1.16 0.43 0.0464
8.1 1.36 1.15 0.413 0.0451
8.5 1.39 1.14 0.39 0.0374
8.9 1.41 1.13 0.37 0.0371
9.3 1.44 1.12 0.35 0.0443
9.7 1.47 1.1 0.331 0.0367
10.1 1.49 1.07 0.312 0.0364
10.5 1.52 1.05 0.294 0.0363
10.9 1.54 1.02 0.276 0.036
11.3 1.57 0.993 0.259 0.0359
11.7 1.59 0.963 0.243 0.0286
12.1 1.61 0.932 0.228 0.0284
12.5 1.63 0.902 0.213 0.0354
12.9 1.66 0.873 0.199 0.0352
13.3 1.68 0.843 0.186 0.0211
13.7 1.69 0.813 0.173 0.021
14.1 1.71 0.783 0.161 0.0279
14.5 1.73 0.752 0.15 0.0278
14.9 1.75 0.722 0.14 0.0277
15.3 1.77 0.692 0.13 0.0207
15.7 1.78 0.662 0.12 0.0206
16.1 1.8 0.633 0.111 0.0206
16.5 1.81 0.604 0.103 0.0137
16.9 1.82 0.576 0.0955 0.0205
17.3 1.84 0.548 0.0884 0.0204
17.7 1.85 0.521 0.0818 0.0136
18.1 1.86 0.494 0.0755 0.0136
18.5 1.87 0.469 0.0697 0.0135
18.9 1.88 0.444 0.0643 0.0135
19.3 1.89 0.42 0.0594 0.0135
19.7 1.9 0.397 0.0548 0.00673
20.1 1.9 0.375 0.0505 0.00672
20.5 1.91 0.354 0.0464 0.0134
20.9 1.92 0.333 0.0428 0.00671
21.3 1.92 0.314 0.0394 0.0067
21.7 1.93 0.295 0.0363 0.0134
22.1 1.94 0.278 0.0333 0.00669
22.5 1.94 0.261 0.0307 0.00668
22.9 1.95 0.245 0.0282 0.00668
23.3 1.95 0.23 0.0259 0
23.7 1.95 0.215 0.0238 0.00666
24.1 1.96 0.202 0.0219 0.00666
24.5 1.96 0.189 0.0201 0
24.9 1.96 0.177 0.0185 0.00665
25.3 1.97 0.166 0.017 0.00665
25.7 1.97 0.155 0.0156 0
26.1 1.97 0.145 0.0143 0
26.5 1.97 0.135 0.0131 0.00664
26.9 1.98 0.126 0.012 0.00664
27.3 1.98 0.118 0.0111 0
27.7 1.98 0.11 0.0102 0
28.1 1.98 0.102 0.00933 0
28.5 1.98 0.0955 0.00856 0
28.9 1.98 0.089 0.00785 0.00663
29.3 1.99 0.0829 0.0072 0.00663
29.7 1.99 0.0772 0.0066 0
30.1 1.99 0.0719 0.00606 0
30.5 1.99 0.0669 0.00556 0
30.9 1.99 0.0623 0.0051 0
31.3 1.99 0.0579 0.00468 0
31.7 1.99 0.0539 0.00429 0
32.1 1.99 0.0501 0.00393 0
32.5 1.99 0.0466 0.00361 0
32.9 1.99 0.0433 0.00331 0
33.3 1.99 0.0402 0.00303 0
33.7 1.99 0.0374 0.00278 0
34.1 1.99 0.0347 0.00255 0.00662
34.5 2 0.0322 0.00234 0.00662
34.9 2 0.0299 0.00214 0
35.3 2 0.0278 0.00196 0
35.7 2 0.0258 0.0018 0
36.1 2 0.024 0.00165 0
36.5 2 0.0222 0.00151 0
36.9 2 0.0206 0.00139 0
37.3 2 0.0191 0.00127 0
37.7 2 0.0177 0.00117 0
38.1 2 0.0164 0.00107 0
38.5 2 0.0152 0.000981 0
38.9 2 0.0141 0.000899 0
39.3 2 0.0131 0.000824 0
39.7 2 0.0121 0.000757 0
40.1 2 0.0112 0.000694 0
40.5 2 0.0104 0.000632 0
41 2 0.00958 0.000574 0
41.4 2 0.00885 0.000522 0
41.8 2 0.00819 0.000479 0
42.2 2 0.00757 0.000439 0
42.6 2 0.00699 0.000403 0
43 2 0.00646 0.000369 0
43.4 2 0.00597 0.000338 0
43.8 2 0.00552 0.00031 0
44.2 2 0.00511 0.000284 0
44.6 2 0.00472 0.000261 0
45 2 0.00437 0.000239 0
45.4 2 0.00405 0.000219 0
45.8 2 0.00376 0.000201 0
46.2 2 0.00348 0.000184 0
46.6 2 0.00322 0.000169 0
47 2 0.00297 0.000155 0
47.4 2 0.00275 0.000142 0
47.8 2 0.00254 0.00013 0
48.2 2 0.00235 0.000119 0
48.6 2 0.00218 0.000109 0
49 2 0.00201 0.0001 0
49.4 2 0.00186 9.19e-05 0
49.8 2 0.00172 8.42e-05 0
50.2 2 0.00159 7.72e-05 0
50.6 2 0.00147 7.09e-05 0
51 2 0.00136 6.5e-05 0
51.4 2 0.00126 5.95e-05 0
51.8 2 0.00116 5.45e-05 0
52.2 2 0.00107 5e-05 0
52.6 2 0.000992 4.58e-05 0
53 2 0.000917 4.2e-05 0
53.4 2 0.000847 3.85e-05 0
53.8 2 0.000783 3.53e-05 0
54.2 2 0.000723 3.24e-05 0
54.6 2 0.000668 2.97e-05 0
55 2 0.000617 2.72e-05 0
55.4 2 0.00057 2.49e-05 0
55.8 2 0.000526 2.29e-05 0
56.2 2 0.000486 2.1e-05 0
56.6 2 0.000449 1.92e-05 0
57 2 0.000415 1.76e-05 0
57.4 2 0.000383 1.61e-05 0
57.8 2 0.000354 1.48e-05 0
58.2 2 0.000326 1.36e-05 0
58.6 2 0.000301 1.24e-05 0
59 2 0.000278 1.14e-05 0
59.4 2 0.000257 1.05e-05 0
59.8 2 0.000237 9.6e-06 0
60.2 2 0.000219 8.8e-06 0
60.6 2 0.000202 8.06e-06 0
61 2 0.000187 7.38e-06 0
61.4 2 0.000172 6.76e-06 0
61.8 2 0.000159 6.2e-06 0
62.2 2 0.000147 5.69e-06 0
62.6 2 0.000135 5.21e-06 0
63 2 0.000125 4.78e-06 0
63.4 2 0.000115 4.38e-06 0
63.8 2 0.000106 4.02e-06 0
64.2 2 9.81e-05 3.68e-06 0
64.6 2 9.05e-05 3.38e-06 0
65 2 8.35e-05 3.09e-06 0
65.4 2 7.71e-05 2.84e-06 0
65.8 2 7.11e-05 2.6e-06 0
66.2 2 6.56e-05 2.38e-06 0
66.6 2 6.05e-05 2.19e-06 0
67 2 5.58e-05 2e-06 0
67.4 2 5.15e-05 1.84e-06 0
67.8 2 4.75e-05 1.68e-06 0
68.2 2 4.38e-05 1.54e-06 0
68.6 2 4.04e-05 1.41e-06 0
69 2 3.72e-05 1.3e-06 0
69.4 2 3.44e-05 1.19e-06 0
69.8 2 3.17e-05 1.09e-06 0
70.2 2 2.92e-05 9.99e-07 0
70.6 2 2.69e-05 9.16e-07 0
71 2 2.48e-05 8.39e-07 0
71.4 2 2.29e-05 7.69e-07 0
71.8 2 2.11e-05 7.05e-07 0
72.2 2 1.95e-05 6.47e-07 0
72.6 2 1.8e-05 5.93e-07 0
73 2 1.66e-05 5.44e-07 0
73.4 2 1.53e-05 4.98e-07 0
73.8 2 1.41e-05 4.57e-07 0
74.2 2 1.3e-05 4.19e-07 0
74.6 2 1.2e-05 3.84e-07 0
75 2 1.1e-05 3.52e-07 0
75.4 2 1.02e-05 3.23e-07 0
75.8 2 9.36e-06 2.96e-07 0
76.2 2 8.63e-06 2.71e-07 0
76.6 2 7.95e-06 2.49e-07 0
77 2 7.33e-06 2.28e-07 0
77.4 2 6.76e-06 2.09e-07 0
77.8 2 6.23e-06 1.91e-07 0
78.2 2 5.74e-06 1.76e-07 0
78.6 2 5.29e-06 1.61e-07 0
79 2 4.87e-06 1.47e-07 0
79.4 2 4.49e-06 1.35e-07 0
79.8 2 4.14e-06 1.24e-07 0
80.2 2 3.82e-06 1.14e-07 0
80.6 2 3.52e-06 1.04e-07 0
81 2 3.24e-06 9.55e-08 0
81.4 2 2.98e-06 8.75e-08 0
81.8 2 2.75e-06 8.02e-08 0
82.2 2 2.53e-06 7.36e-08 0
82.6 2 2.33e-06 6.74e-08 0
83 2 2.15e-06 6.18e-08 0
83.4 2 1.98e-06 5.67e-08 0
83.8 2 1.83e-06 5.2e-08 0
84.2 2 1.68e-06 4.77e-08 0
84.6 2 1.55e-06 4.36e-08 0
85 2 1.43e-06 4e-08 0
85.4 2 1.31e-06 3.67e-08 0
85.8 2 1.21e-06 3.36e-08 0
86.2 2 1.12e-06 3.08e-08 0
86.6 2 1.03e-06 2.83e-08 0
87 2 9.47e-07 2.59e-08 0
87.4 2 8.72e-07 2.38e-08 0
87.8 2 8.03e-07 2.18e-08 0
88.2 2 7.4e-07 2e-08 0
88.6 2 6.82e-07 1.83e-08 0
89 2 6.28e-07 1.68e-08 0
89.4 2 5.79e-07 1.54e-08 0
89.8 2 5.33e-07 1.41e-08 0
90.2 2 4.91e-07 1.29e-08 0
90.6 2 4.53e-07 1.18e-08 0
91 2 4.17e-07 1.09e-08 0
91.4 2 3.84e-07 9.96e-09 0
91.8 2 3.54e-07 9.13e-09 0
92.2 2 3.26e-07 8.37e-09 0
92.6 2 3e-07 7.67e-09 0
93 2 2.76e-07 7.04e-09 0
93.4 2 2.54e-07 6.45e-09 0
93.8 2 2.34e-07 5.91e-09 0
94.2 2 2.15e-07 5.41e-09 0
94.6 2 1.98e-07 4.96e-09 0
95 2 1.82e-07 4.55e-09 0
95.4 2 1.67e-07 4.17e-09 0
95.8 2 1.53e-07 3.83e-09 0
96.2 2 1.4e-07 3.51e-09 0
96.6 2 1.28e-07 3.21e-09 0
97 2 1.17e-07 2.95e-09 0
97.4 2 1.07e-07 2.7e-09 0
97.8 2 9.9e-08 2.48e-09 0
98.2 2 9.2e-08 2.27e-09 0
98.6 2 8.64e-08 2.08e-09 0
99 2 8.23e-08 1.9e-09 0
99.4 2 7.97e-08 1.73e-09 0
99.8 2 7.86e-08 1.64e-09 0
