-12	1E-6	0	0.664514	6.95E-6	0.664513	1.65E-6
-11.8	1E-6	0	1.091320	6.95E-6	1.091317	1.65E-6
-11.6	2E-6	0	0.905543	6.95E-6	0.905539	1.65E-6
-11.4	3E-6	0	0.997585	6.95E-6	0.997578	1.65E-6
-11.2	5E-6	1E-8	0.983070	6.95E-6	0.983058	1.65E-6
-11	8E-6	1E-8	1.013233	6.95E-6	1.013213	1.65E-6
-10.8	1.3E-5	3E-8	1.030213	6.95E-6	1.030180	1.65E-6
-10.6	2.2E-5	2E-8	1.000848	6.95E-6	1.000794	1.65E-6
-10.4	3.6E-5	5E-8	1.005926	6.95E-6	1.005835	1.65E-6
-10.2	6E-5	9E-8	0.995875	6.95E-6	0.995732	1.65E-6
-10	9.8E-5	1.6E-7	1.003654	6.95E-6	1.003413	1.66E-6
-9.8	1.61E-4	2.9E-7	1.002478	6.96E-6	1.002084	1.67E-6
-9.6	2.66E-4	3E-7	1.000028	6.96E-6	0.999375	1.68E-6
-9.4	4.34E-4	7.4E-7	0.999232	6.99E-6	0.998176	1.81E-6
-9.2	7.06E-4	1.21E-6	0.999398	7.05E-6	0.997698	2.04E-6
-9	0.001138	2.6E-6	1.000112	7.42E-6	0.997381	3.07E-6
-8.8	0.001822	2.58E-6	1.000077	7.44E-6	0.995823	3.04E-6
-8.6	0.002843	5.34E-6	0.999953	8.71E-6	0.993422	5.52E-6
-8.4	0.004376	7.61E-6	1.000312	1.03E-5	0.990346	7.62E-6
-8.2	0.006506	7.7E-6	1.000605	1.039E-5	0.986267	7.76E-6
-8	0.009471	1.233E-5	1.000788	1.416E-5	0.981337	1.216E-5
-7.8	0.013352	1.389E-5	1.001185	1.547E-5	0.97563	1.356E-5
-7.6	0.018396	1.554E-5	1.001743	1.704E-5	0.969991	1.539E-5
-7.4	0.024877	3.43E-5	1.00231	3.529E-5	0.964346	3.285E-5
-7.2	0.032898	3.038E-5	1.003199	3.147E-5	0.958679	2.885E-5
-7	0.042581	3.091E-5	1.004245	3.17E-5	0.952727	3.02E-5
-6.8	0.053711	3.559E-5	1.005669	3.683E-5	0.947248	3.289E-5
-6.6	0.066124	2.993E-5	1.006528	3.08E-5	0.941317	2.883E-5
-6.4	0.079943	2.761E-5	1.008317	2.999E-5	0.934855	2.816E-5
-6.2	0.09532	6.309E-5	1.010332	6.303E-5	0.927429	6.06E-5
-6	0.112209	6.164E-5	1.012295	6.45E-5	0.92068	5.72E-5
-5.8	0.13034	9.35E-5	1.01462	9.441E-5	0.911972	8.513E-5
-5.6	0.149451	6.465E-5	1.017154	6.26E-5	0.902477	5.982E-5
-5.4	0.169436	2.394E-5	1.019724	2.538E-5	0.893717	3.23E-5
-5.2	0.190305	5.73E-5	1.024274	6.514E-5	0.884135	4.908E-5
-5	0.21207	8.753E-5	1.026998	9.374E-5	0.874163	7.293E-5
-4.8	0.235434	5.536E-5	1.031576	4.927E-5	0.861011	5.684E-5
-4.6	0.259938	1.0237E-4	1.036809	1.0438E-4	0.848884	8.431E-5
-4.4	0.286048	9.05E-5	1.04133	1.0087E-4	0.832317	9.74E-5
-4.2	0.313421	7.542E-5	1.04735	9.944E-5	0.8211	8.144E-5
-4	0.342579	5.982E-5	1.053657	6.281E-5	0.806937	8.339E-5
-3.8	0.373469	4.975E-5	1.060695	7.223E-5	0.796161	9.363E-5
-3.6	0.40582	7.646E-5	1.071908	1.0985E-4	0.78645	1.2387E-4
-3.4	0.439622	1.083E-4	1.079816	1.0769E-4	0.772667	1.8875E-4
-3.2	0.473855	1.3626E-4	1.094759	2.2743E-4	0.759614	1.5641E-4
-3	0.508806	1.3077E-4	1.109123	1.2224E-4	0.74914	1.8425E-4
-2.8	0.544042	8.743E-5	1.125935	1.7572E-4	0.735726	1.6269E-4
-2.6	0.57948	8.836E-5	1.148556	2.2757E-4	0.720285	3.268E-4
-2.4	0.614749	6.173E-5	1.173346	1.9103E-4	0.703316	2.2573E-4
-2.2	0.650288	1.0331E-4	1.200968	3.4529E-4	0.685745	2.75E-4
-2	0.685238	8.512E-5	1.23512	1.887E-4	0.669975	1.7342E-4
-1.8	0.719706	1.1457E-4	1.282824	2.4768E-4	0.653427	3.1444E-4
-1.6	0.753655	7.249E-5	1.346279	5.285E-4	0.637651	2.3358E-4
-1.4	0.787191	5.354E-5	1.405489	6.6977E-4	0.615035	2.1257E-4
-1.2	0.819509	4.637E-5	1.464732	2.4431E-4	0.600255	2.3766E-4
-1	0.851468	4.498E-5	1.570775	6.2163E-4	0.583289	4.5959E-4
-0.8	0.882504	5.094E-5	1.664811	8.0754E-4	0.567548	3.3839E-4
-0.6	0.912851	3.852E-5	1.753693	0.00171817	0.54952	4.465E-4
-0.4	0.942384	3.129E-5	1.857454	0.00133423	0.534135	5.5465E-4
-0.2	0.971389	1.534E-5	1.918821	0.00118103	0.523246	4.3921E-4
0	1	0	1.885133	0.00147947	0.506085	4.5165E-4
0.2	1.028611	1.534E-5	1.812076	0.00118103	0.494138	4.3921E-4
0.4	1.057616	3.129E-5	1.655076	0.00133423	0.475939	5.5465E-4
0.6	1.087149	3.852E-5	1.472531	0.00171817	0.461418	4.465E-4
0.8	1.117496	5.094E-5	1.314727	8.0754E-4	0.448202	3.3839E-4
1	1.148532	4.498E-5	1.1645	6.2163E-4	0.432423	4.5959E-4
1.2	1.180491	4.637E-5	1.016832	2.4431E-4	0.416703	2.3766E-4
1.4	1.212809	5.354E-5	0.912253	6.6977E-4	0.399197	2.1257E-4
1.6	1.246345	7.249E-5	0.814084	5.285E-4	0.385582	2.3358E-4
1.8	1.280294	1.1457E-4	0.721128	2.4768E-4	0.367318	3.1444E-4
2	1.314762	8.512E-5	0.64373	1.887E-4	0.349183	1.7342E-4
2.2	1.349712	1.0331E-4	0.578623	3.4529E-4	0.33039	2.75E-4
2.4	1.385251	6.173E-5	0.520709	1.9103E-4	0.312119	2.2573E-4
2.6	1.42052	8.836E-5	0.468536	2.2757E-4	0.29383	3.268E-4
2.8	1.455958	8.743E-5	0.420724	1.7572E-4	0.274916	1.6269E-4
3	1.491194	1.3077E-4	0.378441	1.2224E-4	0.255612	1.8425E-4
3.2	1.526145	1.3626E-4	0.339913	2.2743E-4	0.235854	1.5641E-4
3.4	1.560378	1.083E-4	0.304228	1.0769E-4	0.217692	1.8875E-4
3.6	1.59418	7.646E-5	0.272869	1.0985E-4	0.200201	1.2387E-4
3.8	1.626531	4.975E-5	0.243547	7.223E-5	0.182807	9.363E-5
4	1.657421	5.982E-5	0.217785	6.281E-5	0.166789	8.339E-5
4.2	1.686579	7.542E-5	0.194632	9.944E-5	0.152587	8.144E-5
4.4	1.713952	9.05E-5	0.173792	1.0087E-4	0.138909	9.74E-5
4.6	1.740062	1.0237E-4	0.154883	1.0438E-4	0.12681	8.431E-5
4.8	1.764566	5.536E-5	0.137636	4.927E-5	0.114879	5.684E-5
5	1.78793	8.753E-5	0.121814	9.374E-5	0.103686	7.293E-5
5.2	1.809695	5.73E-5	0.107711	6.514E-5	0.092974	4.908E-5
5.4	1.830564	2.394E-5	0.094385	2.538E-5	0.082722	3.23E-5
5.6	1.850549	6.465E-5	0.082146	6.26E-5	0.072884	5.982E-5
5.8	1.86966	9.35E-5	0.070732	9.441E-5	0.063577	8.513E-5
6	1.887791	6.164E-5	0.06017	6.45E-5	0.054725	5.72E-5
6.2	1.90468	6.309E-5	0.050562	6.303E-5	0.046413	6.06E-5
6.4	1.920057	2.761E-5	0.041982	2.999E-5	0.038923	2.816E-5
6.6	1.933876	2.993E-5	0.034416	3.08E-5	0.032186	2.883E-5
6.8	1.946289	3.559E-5	0.027753	3.683E-5	0.026141	3.289E-5
7	1.957419	3.091E-5	0.021846	3.17E-5	0.020725	3.02E-5
7.2	1.967102	3.038E-5	0.016778	3.147E-5	0.016033	2.885E-5
7.4	1.975123	3.43E-5	0.012624	3.529E-5	0.012146	3.285E-5
7.6	1.981604	1.554E-5	0.0093	1.704E-5	0.009005	1.539E-5
7.8	1.986648	1.389E-5	0.006729	1.547E-5	0.006557	1.356E-5
8	1.990529	1.233E-5	0.004762	1.416E-5	0.004669	1.216E-5
8.2	1.993494	7.7E-6	0.003266	1.039E-5	0.003219	7.76E-6
8.4	1.995624	7.61E-6	0.002193	1.03E-5	0.002172	7.62E-6
8.6	1.997157	5.34E-6	0.001423	8.71E-6	0.001414	5.52E-6
8.8	1.998178	2.58E-6	9.12E-4	7.44E-6	9.08E-4	3.04E-6
9	1.998862	2.6E-6	5.69E-4	7.42E-6	5.68E-4	3.07E-6
9.2	1.999294	1.21E-6	3.53E-4	7.05E-6	3.52E-4	2.04E-6
9.4	1.999566	7.4E-7	2.17E-4	6.99E-6	2.17E-4	1.81E-6
9.6	1.999734	3E-7	1.33E-4	6.96E-6	1.33E-4	1.68E-6
9.8	1.999839	2.9E-7	8.1E-5	6.96E-6	8.1E-5	1.67E-6
10	1.999902	1.6E-7	4.9E-5	6.95E-6	4.9E-5	1.66E-6
10.2	1.99994	9E-8	3E-5	6.95E-6	3E-5	1.65E-6
10.4	1.999964	5E-8	1.8E-5	6.95E-6	1.8E-5	1.65E-6
10.6	1.999978	2E-8	1.1E-5	6.95E-6	1.1E-5	1.65E-6
10.8	1.999987	3E-8	7E-6	6.95E-6	7E-6	1.65E-6
11	1.999992	1E-8	4E-6	6.95E-6	4E-6	1.65E-6
11.2	1.999995	1E-8	2E-6	6.95E-6	2E-6	1.65E-6
11.4	1.999997	0	1E-6	6.95E-6	1E-6	1.65E-6
11.6	1.999998	0	1E-6	6.95E-6	1E-6	1.65E-6
11.8	1.999999	0	1E-6	6.95E-6	1E-6	1.65E-6
12	1.999999	0	0	6.95E-6	0	1.65E-6					
