-15 0.053 0.236 0.0531 1
-14.6 0.0582 0.256 0.0583 1
-14.2 0.0639 0.275 0.0639 1
-13.8 0.0701 0.296 0.0701 1
-13.4 0.0769 0.316 0.0768 1
-13 0.0842 0.338 0.0841 1
-12.6 0.0922 0.36 0.092 1
-12.2 0.101 0.384 0.101 1
-11.8 0.11 0.409 0.11 1
-11.4 0.12 0.434 0.12 1
-11 0.131 0.461 0.13 1
-10.6 0.143 0.489 0.142 1
-10.2 0.155 0.518 0.154 1
-9.8 0.169 0.548 0.168 1
-9.4 0.183 0.579 0.182 1
-9 0.198 0.61 0.197 1
-8.6 0.214 0.642 0.213 1
-8.2 0.231 0.674 0.229 1
-7.8 0.249 0.707 0.247 1
-7.4 0.268 0.739 0.265 1
-7 0.288 0.771 0.285 1
-6.6 0.309 0.803 0.305 1
-6.2 0.33 0.835 0.326 1
-5.8 0.352 0.866 0.347 1
-5.4 0.376 0.896 0.369 1
-5 0.399 0.925 0.392 1
-4.6 0.424 0.954 0.415 1
-4.2 0.449 0.981 0.438 1
-3.8 0.475 1.01 0.462 1
-3.4 0.501 1.03 0.485 1
-3 0.528 1.06 0.509 0.964
-2.6 0.554 1.08 0.532 0.959
-2.2 0.581 1.1 0.555 0.954
-1.8 0.609 1.12 0.577 0.948
-1.4 0.636 1.13 0.599 0.941
-1 0.664 1.15 0.62 0.934
-0.6 0.691 1.16 0.64 0.926
-0.2 0.718 1.17 0.658 0.916
0.2 0.746 1.17 0.678 0.909
0.6 0.773 1.18 0.692 0.895
7.3 1.22 1.18 0.693 0.568
7.7 1.25 1.18 0.682 0.546
8.1 1.28 1.17 0.663 0.52
8.5 1.3 1.16 0.644 0.495
8.9 1.33 1.15 0.625 0.47
9.3 1.36 1.14 0.604 0.445
9.7 1.38 1.12 0.583 0.421
10.1 1.41 1.1 0.56 0.397
10.5 1.44 1.08 0.538 0.374
10.9 1.47 1.06 0.514 0.351
11.3 1.49 1.04 0.491 0.329
11.7 1.52 1.01 0.467 0.308
12.1 1.54 0.988 0.444 0.287
12.5 1.57 0.961 0.421 0.268
12.9 1.59 0.933 0.397 0.249
13.3 1.62 0.903 0.375 0.232
13.7 1.64 0.873 0.353 0.215
14.1 1.66 0.843 0.331 0.199
14.5 1.69 0.811 0.31 0.184
14.9 1.71 0.779 0.29 0.17
15.3 1.73 0.747 0.27 0.156
15.7 1.75 0.715 0.251 0.144
16.1 1.76 0.682 0.234 0.132
16.5 1.78 0.65 0.217 0.122
16.9 1.8 0.618 0.201 0.112
17.3 1.81 0.587 0.186 0.102
17.7 1.83 0.556 0.171 0.0936
18.1 1.84 0.526 0.158 0.0856
18.5 1.85 0.497 0.145 0.0782
18.9 1.87 0.468 0.133 0.0714
19.3 1.88 0.44 0.122 0.0652
19.7 1.89 0.414 0.112 0.0595
20.1 1.9 0.388 0.103 0.0542
20.5 1.91 0.364 0.0941 0.0494
20.9 1.91 0.341 0.0861 0.045
21.3 1.92 0.318 0.0786 0.0409
21.7 1.93 0.297 0.0717 0.0372
22.1 1.93 0.277 0.0654 0.0338
22.5 1.94 0.258 0.0596 0.0307
22.9 1.95 0.24 0.0543 0.0279
23.3 1.95 0.223 0.0494 0.0253
23.7 1.95 0.207 0.045 0.023
24.1 1.96 0.193 0.0409 0.0209
24.5 1.96 0.179 0.0372 0.0189
24.9 1.97 0.165 0.0338 0.0172
25.3 1.97 0.153 0.0307 0.0156
25.7 1.97 0.142 0.0279 0.0141
26.1 1.98 0.131 0.0253 0.0128
26.5 1.98 0.121 0.0229 0.0116
26.9 1.98 0.112 0.0208 0.0105
27.3 1.98 0.103 0.0189 0.00952
27.7 1.98 0.0954 0.0171 0.00862
28.1 1.98 0.088 0.0155 0.00782
28.5 1.99 0.0811 0.0141 0.00708
28.9 1.99 0.0748 0.0127 0.00641
29.3 1.99 0.0689 0.0115 0.00581
29.7 1.99 0.0634 0.0105 0.00526
30.1 1.99 0.0584 0.00948 0.00477
30.5 1.99 0.0537 0.00859 0.00431
30.9 1.99 0.0494 0.00778 0.0039
31.3 1.99 0.0454 0.00704 0.00353
31.7 1.99 0.0418 0.00638 0.0032
32.1 1.99 0.0384 0.00578 0.0029
32.5 2 0.0353 0.00523 0.00262
32.9 2 0.0324 0.00473 0.00237
33.3 2 0.0297 0.00429 0.00215
33.7 2 0.0273 0.00388 0.00194
34.1 2 0.0251 0.00351 0.00176
34.5 2 0.023 0.00318 0.00159
34.9 2 0.0211 0.00288 0.00144
35.3 2 0.0194 0.00261 0.0013
35.7 2 0.0178 0.00236 0.00118
36.1 2 0.0163 0.00213 0.00107
36.5 2 0.0149 0.00193 0.000965
36.9 2 0.0137 0.00175 0.000873
37.3 2 0.0125 0.00158 0.00079
37.7 2 0.0115 0.00143 0.000715
38.1 2 0.0105 0.0013 0.000648
38.5 2 0.00964 0.00117 0.000586
38.9 2 0.00883 0.00106 0.00053
39.3 2 0.00809 0.00096 0.00048
39.7 2 0.0074 0.000869 0.000434
40.1 2 0.00678 0.000786 0.000393
40.5 2 0.0062 0.000712 0.000356
40.9 2 0.00568 0.000644 0.000322
41.3 2 0.00519 0.000583 0.000291
41.7 2 0.00475 0.000527 0.000264
42.1 2 0.00435 0.000477 0.000239
42.5 2 0.00398 0.000432 0.000216
42.9 2 0.00364 0.000391 0.000195
43.3 2 0.00333 0.000354 0.000177
43.7 2 0.00304 0.00032 0.00016
44.1 2 0.00278 0.000289 0.000145
44.5 2 0.00254 0.000262 0.000131
44.9 2 0.00232 0.000237 0.000118
45.3 2 0.00212 0.000214 0.000107
45.7 2 0.00194 0.000194 9.7e-05
46.1 2 0.00177 0.000176 8.78e-05
46.5 2 0.00162 0.000159 7.94e-05
46.9 2 0.00148 0.000144 7.19e-05
47.3 2 0.00135 0.00013 6.51e-05
47.7 2 0.00124 0.000118 5.89e-05
48.1 2 0.00113 0.000107 5.33e-05
48.5 2 0.00103 9.64e-05 4.82e-05
48.9 2 0.000942 8.72e-05 4.36e-05
49.3 2 0.00086 7.89e-05 3.95e-05
49.7 2 0.000785 7.14e-05 3.57e-05
50.1 2 0.000717 6.46e-05 3.23e-05
50.5 2 0.000654 5.85e-05 2.92e-05
50.9 2 0.000597 5.29e-05 2.64e-05
51.3 2 0.000545 4.79e-05 2.39e-05
51.7 2 0.000498 4.33e-05 2.17e-05
52.1 2 0.000454 3.92e-05 1.96e-05
52.5 2 0.000414 3.55e-05 1.77e-05
52.9 2 0.000378 3.21e-05 1.6e-05
53.3 2 0.000345 2.9e-05 1.45e-05
53.7 2 0.000315 2.63e-05 1.31e-05
54.1 2 0.000287 2.38e-05 1.19e-05
54.5 2 0.000262 2.15e-05 1.08e-05
54.9 2 0.000239 1.95e-05 9.74e-06
55.3 2 0.000218 1.76e-05 8.81e-06
55.7 2 0.000199 1.59e-05 7.96e-06
56.1 2 0.000181 1.44e-05 7.21e-06
56.5 2 0.000165 1.3e-05 6.52e-06
56.9 2 0.000151 1.18e-05 5.89e-06
57.3 2 0.000137 1.07e-05 5.34e-06
57.7 2 0.000125 9.66e-06 4.83e-06
58.1 2 0.000114 8.75e-06 4.37e-06
58.5 2 0.000104 7.91e-06 3.95e-06
58.9 2 9.5e-05 7.16e-06 3.58e-06
59.3 2 8.66e-05 6.48e-06 3.24e-06
59.7 2 7.89e-05 5.86e-06 2.93e-06
60.1 2 7.19e-05 5.3e-06 2.65e-06
60.5 2 6.56e-05 4.8e-06 2.4e-06
60.9 2 5.98e-05 4.34e-06 2.17e-06
61.3 2 5.45e-05 3.93e-06 1.96e-06
61.7 2 4.97e-05 3.55e-06 1.78e-06
62.1 2 4.53e-05 3.22e-06 1.61e-06
62.5 2 4.12e-05 2.91e-06 1.46e-06
62.9 2 3.76e-05 2.63e-06 1.32e-06
63.3 2 3.42e-05 2.38e-06 1.19e-06
63.7 2 3.12e-05 2.16e-06 1.08e-06
64.1 2 2.84e-05 1.95e-06 9.75e-07
64.5 2 2.59e-05 1.77e-06 8.83e-07
64.9 2 2.36e-05 1.6e-06 7.99e-07
65.3 2 2.15e-05 1.45e-06 7.23e-07
65.7 2 1.96e-05 1.31e-06 6.54e-07
66.1 2 1.78e-05 1.18e-06 5.91e-07
66.5 2 1.62e-05 1.07e-06 5.35e-07
66.9 2 1.48e-05 9.69e-07 4.85e-07
67.3 2 1.35e-05 8.76e-07 4.38e-07
67.7 2 1.23e-05 7.93e-07 3.97e-07
68.1 2 1.12e-05 7.18e-07 3.59e-07
68.5 2 1.02e-05 6.49e-07 3.25e-07
68.9 2 9.25e-06 5.88e-07 2.94e-07
69.3 2 8.42e-06 5.32e-07 2.66e-07
69.7 2 7.67e-06 4.81e-07 2.41e-07
70.1 2 6.98e-06 4.35e-07 2.18e-07
70.5 2 6.36e-06 3.94e-07 1.97e-07
70.9 2 5.79e-06 3.56e-07 1.78e-07
71.3 2 5.27e-06 3.23e-07 1.61e-07
71.7 2 4.8e-06 2.92e-07 1.46e-07
72.1 2 4.37e-06 2.64e-07 1.32e-07
72.5 2 3.98e-06 2.39e-07 1.2e-07
72.9 2 3.62e-06 2.16e-07 1.08e-07
73.3 2 3.29e-06 1.96e-07 9.79e-08
73.7 2 3e-06 1.77e-07 8.85e-08
74.1 2 2.73e-06 1.6e-07 8e-08
74.5 2 2.48e-06 1.45e-07 7.24e-08
74.9 2 2.26e-06 1.31e-07 6.56e-08
75.3 2 2.06e-06 1.19e-07 5.94e-08
75.7 2 1.87e-06 1.07e-07 5.37e-08
76.1 2 1.7e-06 9.71e-08 4.85e-08
76.5 2 1.55e-06 8.79e-08 4.39e-08
76.9 2 1.41e-06 7.95e-08 3.98e-08
77.3 2 1.28e-06 7.2e-08 3.6e-08
77.7 2 1.17e-06 6.51e-08 3.26e-08
78.1 2 1.06e-06 5.89e-08 2.95e-08
78.5 2 9.66e-07 5.33e-08 2.67e-08
78.9 2 8.79e-07 4.82e-08 2.41e-08
79.3 2 7.99e-07 4.36e-08 2.18e-08
79.7 2 7.27e-07 3.95e-08 1.97e-08
80.1 2 6.61e-07 3.57e-08 1.79e-08
80.5 2 6.01e-07 3.23e-08 1.62e-08
80.9 2 5.46e-07 2.93e-08 1.46e-08
81.3 2 4.97e-07 2.65e-08 1.32e-08
81.7 2 4.52e-07 2.4e-08 1.2e-08
82.1 2 4.11e-07 2.17e-08 1.08e-08
82.5 2 3.74e-07 1.96e-08 9.8e-09
82.9 2 3.4e-07 1.78e-08 8.88e-09
83.3 2 3.09e-07 1.61e-08 8.04e-09
83.7 2 2.82e-07 1.45e-08 7.27e-09
84.1 2 2.56e-07 1.31e-08 6.57e-09
84.5 2 2.34e-07 1.19e-08 5.94e-09
84.9 2 2.13e-07 1.08e-08 5.38e-09
85.3 2 1.94e-07 9.73e-09 4.87e-09
85.7 2 1.76e-07 8.81e-09 4.4e-09
86.1 2 1.6e-07 7.97e-09 3.99e-09
86.5 2 1.46e-07 7.21e-09 3.61e-09
86.9 2 1.32e-07 6.53e-09 3.26e-09
87.3 2 1.2e-07 5.91e-09 2.95e-09
87.7 2 1.09e-07 5.35e-09 2.67e-09
88.1 2 9.93e-08 4.84e-09 2.42e-09
88.5 2 9.03e-08 4.38e-09 2.19e-09
88.9 2 8.21e-08 3.96e-09 1.98e-09
89.3 2 7.47e-08 3.58e-09 1.79e-09
89.7 2 6.79e-08 3.24e-09 1.62e-09
90.1 2 6.18e-08 2.93e-09 1.47e-09
90.5 2 5.62e-08 2.65e-09 1.33e-09
90.9 2 5.11e-08 2.4e-09 1.2e-09
91.3 2 4.65e-08 2.17e-09 1.09e-09
91.7 2 4.22e-08 1.97e-09 9.84e-10
92.1 2 3.84e-08 1.78e-09 8.9e-10
92.5 2 3.49e-08 1.61e-09 8.05e-10
92.9 2 3.17e-08 1.46e-09 7.29e-10
93.3 2 2.89e-08 1.32e-09 6.59e-10
93.7 2 2.63e-08 1.19e-09 5.96e-10
94.1 2 2.39e-08 1.08e-09 5.39e-10
94.5 2 2.17e-08 9.77e-10 4.88e-10
94.9 2 1.97e-08 8.84e-10 4.42e-10
95.3 2 1.79e-08 7.99e-10 4e-10
95.7 2 1.62e-08 7.23e-10 3.62e-10
96.1 2 1.47e-08 6.54e-10 3.27e-10
96.5 2 1.32e-08 5.92e-10 2.96e-10
96.9 2 1.19e-08 5.36e-10 2.68e-10
97.3 2 1.08e-08 4.85e-10 2.42e-10
97.7 2 9.82e-09 4.39e-10 2.19e-10
98.1 2 9e-09 3.97e-10 1.98e-10
98.5 2 8.34e-09 3.59e-10 1.8e-10
98.9 2 7.84e-09 3.25e-10 1.63e-10
99.3 2 7.53e-09 2.91e-10 1.45e-10
99.7 2 7.38e-09 2.69e-10 1.34e-10
