3.062068965517241281e+00 1.175872177052200707e+00
3.211751107686380280e+00 1.199794350589041825e+00
3.361433249855519279e+00 1.223630520446125081e+00
3.511115392024657833e+00 1.249483117234799101e+00
3.660797534193796832e+00 1.277340273568509543e+00
3.810479676362935830e+00 1.307196506985407458e+00
3.960161818532074385e+00 1.335509048429300627e+00
4.109843960701213383e+00 1.343681079959817337e+00
4.259526102870352382e+00 1.356117514887999365e+00
4.409208245039491381e+00 1.371237157392951822e+00
4.558890387208630379e+00 1.390042245337459237e+00
4.708572529377768490e+00 1.416688993571486366e+00
4.858254671546907488e+00 1.447784052472307792e+00
5.007936813716046487e+00 1.477115489138688620e+00
5.157618955885185485e+00 1.508127281581395085e+00
5.307301098054324484e+00 1.544103336621331035e+00
5.456983240223463483e+00 1.589307495004757875e+00
5.606665382392602481e+00 1.642037067484573232e+00
5.756347524561741480e+00 1.668518464041202076e+00
5.906029666730880479e+00 1.695559979189939614e+00
6.055711808900019477e+00 1.728578659372843607e+00
6.205393951069158476e+00 1.779524017197735786e+00
6.355076093238296586e+00 1.814845797309456943e+00
6.504758235407435585e+00 1.824627907823891615e+00
6.654440377576574583e+00 1.838282572960562744e+00
6.804122519745713582e+00 1.879809627851239950e+00
6.953804661914852581e+00 1.935586770699688319e+00
7.103486804083991579e+00 1.933036403776644319e+00
7.253168946253129690e+00 1.924217572784701513e+00
7.402851088422268688e+00 1.959101928496542300e+00
7.552533230591407687e+00 2.019215734004376372e+00
7.702215372760546686e+00 2.074403041895255928e+00
7.851897514929685684e+00 2.118540407114585467e+00
8.001579657098824683e+00 2.160194706392442487e+00
8.151261799267963681e+00 2.137578273989484412e+00
8.300943941437102680e+00 2.118929772612895945e+00
8.450626083606241679e+00 2.104534370184973469e+00
8.600308225775378901e+00 2.095031629977954779e+00
8.749990367944519676e+00 2.086814262295088707e+00
8.899672510113656898e+00 2.075832600846461595e+00
9.049354652282797673e+00 2.064911493633351025e+00
9.199036794451934895e+00 2.058062703184230013e+00
9.348718936621075670e+00 2.065315231801847951e+00
9.498401078790212892e+00 2.078902335418583824e+00
9.648083220959351891e+00 2.098353092141390874e+00
9.797765363128490890e+00 2.113487045342258952e+00
9.947447505297629888e+00 2.132261769391832651e+00
1.009712964746676889e+01 2.137790326210222247e+00
1.024681178963590789e+01 2.135386458174925561e+00
1.039649393180504688e+01 2.133499121978326585e+00
1.054617607397418588e+01 2.121709923314021307e+00
1.069585821614332488e+01 2.116478545945201795e+00
1.084554035831246388e+01 2.117141894454081186e+00
1.099522250048160288e+01 2.125621551773882789e+00
1.114490464265074188e+01 2.130672505260266636e+00
1.129458678481988088e+01 2.131194557043374793e+00
1.144426892698901810e+01 2.130521992694265787e+00
1.159395106915815710e+01 2.131010401426981726e+00
1.174363321132729610e+01 2.132199498427338469e+00
1.189331535349643509e+01 2.134171854692353598e+00
1.204299749566557409e+01 2.131856831433759147e+00
1.219267963783471309e+01 2.118924589646282719e+00
1.234236178000385209e+01 2.109046267182598466e+00
1.249204392217299109e+01 2.091465571579136817e+00
1.264172606434213009e+01 2.061010511914338483e+00
1.279140820651126909e+01 2.021688134880630816e+00
1.294109034868040808e+01 2.011716765346583724e+00
1.309077249084954708e+01 2.006897918969304584e+00
1.324045463301868608e+01 2.027870859950237303e+00
1.339013677518782508e+01 2.121796974437724526e+00
1.353981891735696408e+01 2.237499223094900902e+00
1.368950105952610308e+01 2.208284578732926384e+00
1.383918320169524208e+01 2.084808833026583486e+00
1.398886534386437930e+01 1.962453324504459751e+00
1.413854748603351830e+01 2.055168880320201730e+00
1.428822962820265730e+01 2.165390347362700751e+00
1.443791177037179629e+01 2.215805294244068246e+00
1.458759391254093529e+01 2.074379395134309245e+00
1.473727605471007429e+01 1.944001737593306967e+00
1.488695819687921329e+01 1.875866541371394858e+00
1.503664033904835229e+01 1.844949667513171798e+00
1.518632248121749129e+01 1.819633979576034344e+00
1.533600462338663029e+01 1.824753748869843095e+00
1.548568676555576928e+01 1.826212594683513490e+00
1.563536890772490828e+01 1.817725866527803769e+00
1.578505104989404728e+01 1.799021884772263880e+00
1.593473319206318628e+01 1.784798851753592652e+00
1.608441533423232528e+01 1.774768578789564177e+00
1.623409747640146250e+01 1.765711417902768199e+00
1.638377961857059972e+01 1.756934316312026123e+00
1.653346176073974050e+01 1.748381450698516026e+00
1.668314390290888127e+01 1.739572090025409690e+00
1.683282604507801850e+01 1.730482670056249450e+00
1.698250818724715572e+01 1.721113190791034864e+00
1.713219032941629649e+01 1.736039841788618032e+00
1.728187247158543727e+01 1.726822524321450336e+00
1.743155461375457449e+01 1.717573502992839840e+00
1.758123675592371171e+01 1.708604540960283691e+00
1.773091889809285249e+01 1.699915638223781444e+00
1.788060104026199326e+01 1.691506794783333545e+00
1.803028318243113048e+01 1.683485840878443440e+00
1.817996532460026771e+01 1.676001733769986624e+00
1.832964746676940848e+01 1.668517626661529585e+00
1.847932960893854926e+01 1.661033519553072546e+00
1.862901175110768648e+01 1.653730735889038739e+00
1.877869389327682370e+01 1.647182142169138830e+00
1.892837603544596448e+01 1.640633548449238921e+00
1.907805817761510170e+01 1.646097091119244960e+00
1.922774031978424247e+01 1.638612984010787921e+00
1.937742246195337970e+01 1.631128876902330882e+00
1.952710460412252047e+01 1.623644769793873843e+00
1.967678674629165769e+01 1.616160662685417027e+00
1.982646888846079491e+01 1.608676555576960210e+00
1.997615103062993569e+01 1.601192448468503171e+00
2.012583317279907291e+01 1.595595838952032386e+00
2.027551531496821369e+01 1.590356963976112370e+00
2.042519745713735091e+01 1.585118089000192798e+00
2.057487959930649168e+01 1.579879214024272782e+00
2.072456174147562891e+01 1.574640339048352988e+00
2.087424388364476968e+01 1.569401464072433194e+00
2.102392602581390690e+01 1.569162589096513072e+00
2.117360816798304768e+01 1.563923714120593278e+00
2.132329031015218490e+01 1.558684839144673262e+00
2.147297245232132568e+01 1.553445964168753468e+00
2.162265459449046290e+01 1.548207089192833896e+00
2.177233673665960367e+01 1.542968214216913880e+00
2.192201887882874090e+01 1.537729339240994086e+00
2.207170102099788167e+01 1.532848969370063541e+00
2.222138316316701889e+01 1.528358505104989495e+00
2.237106530533615611e+01 1.523868040839915228e+00
2.252074744750529689e+01 1.519377576574841182e+00
2.267042958967443411e+01 1.514887112309766914e+00
2.282011173184357489e+01 1.510396648044692647e+00
2.296979387401271211e+01 1.505906183779618601e+00
2.311947601618185288e+01 1.506415719514544449e+00
2.326915815835099011e+01 1.501925255249470181e+00
2.341884030052013088e+01 1.497434790984396136e+00
2.356852244268926810e+01 1.492944326719321868e+00
2.371820458485840888e+01 1.488453862454247600e+00
2.386788672702754610e+01 1.483963398189173555e+00
2.401756886919668688e+01 1.479560778270082810e+00
2.416725101136582410e+01 1.475818724715854291e+00
2.431693315353496487e+01 1.472076671161625772e+00
2.446661529570410210e+01 1.468334617607397252e+00
2.461629743787324287e+01 1.464592564053168955e+00
2.476597958004238009e+01 1.460850510498940436e+00
2.491566172221151731e+01 1.457108456944711916e+00
2.506534386438065809e+01 1.458366403390483512e+00
2.521502600654979531e+01 1.454624349836254993e+00
2.536470814871893609e+01 1.450882296282026473e+00
2.551439029088807331e+01 1.447140242727798176e+00
2.566407243305721408e+01 1.443398189173569435e+00
2.581375457522635131e+01 1.439656135619341137e+00
2.596343671739549208e+01 1.435914082065112618e+00
2.611311885956462930e+01 1.432737622808707201e+00
2.626280100173377008e+01 1.429743979965324430e+00
2.641248314390290730e+01 1.426750337121941881e+00
2.656216528607204808e+01 1.423756694278558887e+00
2.671184742824118530e+01 1.420763051435176116e+00
2.686152957041032607e+01 1.417769408591793345e+00
2.701121171257946330e+01 1.419775765748410690e+00
2.716089385474860052e+01 1.416782122905028141e+00
2.731057599691774129e+01 1.413788480061645148e+00
2.746025813908687851e+01 1.410794837218262598e+00
2.760994028125601929e+01 1.407801194374879605e+00
2.775962242342515651e+01 1.404807551531496834e+00
2.790930456559429729e+01 1.401813908688114063e+00
2.805898670776343451e+01 1.399115199383548447e+00
2.820866884993257528e+01 1.396869967251011424e+00
2.835835099210171251e+01 1.394624735118474401e+00
2.850803313427085328e+01 1.392379502985937156e+00
2.865771527643999050e+01 1.390134270853400134e+00
2.880739741860913128e+01 1.387889038720863111e+00
2.895707956077826850e+01 1.385643806588325866e+00
2.910676170294740928e+01 1.383398574455788843e+00
2.925644384511654650e+01 1.381153342323251820e+00
2.940612598728568372e+01 1.378908110190714797e+00
2.955580812945482450e+01 1.376662878058177553e+00
2.970549027162396172e+01 1.374417645925640530e+00
2.985517241379310249e+01 1.372172413793103507e+00
