3.062068965517241281e+00 1.167335364377457108e+00
3.211751107686380280e+00 1.191558995218259920e+00
3.361433249855519279e+00 1.216069408958987852e+00
3.511115392024657833e+00 1.242596249631306327e+00
3.660797534193796832e+00 1.271100263571998124e+00
3.810479676362935830e+00 1.295138120475366250e+00
3.960161818532074385e+00 1.313707975539805561e+00
4.109843960701213383e+00 1.320108554615568863e+00
4.259526102870352382e+00 1.324585983356467933e+00
4.409208245039491381e+00 1.339518972245755002e+00
4.558890387208630379e+00 1.355289962713860819e+00
4.708572529377768490e+00 1.378902613471486571e+00
4.858254671546907488e+00 1.408275617047864081e+00
5.007936813716046487e+00 1.437944175656067136e+00
5.157618955885185485e+00 1.469293090040596050e+00
5.307301098054324484e+00 1.503914583044020592e+00
5.456983240223463483e+00 1.547096009776512959e+00
5.606665382392602481e+00 1.597967983952958582e+00
5.756347524561741480e+00 1.626134990218699450e+00
5.906029666730880479e+00 1.654862115076548568e+00
6.055711808900019477e+00 1.688437111544915492e+00
6.205393951069158476e+00 1.738033981602518319e+00
6.355076093238296586e+00 1.772007273946949679e+00
6.504758235407435585e+00 1.783272200353755332e+00
6.654440377576574583e+00 1.799623841025005611e+00
6.804122519745713582e+00 1.843773591815204060e+00
6.953804661914852581e+00 1.879583517805849091e+00
7.103486804083991579e+00 1.876575550706274909e+00
7.253168946253129690e+00 1.868702895213089299e+00
7.402851088422268688e+00 1.865730712735285790e+00
7.552533230591407687e+00 1.883787262679599284e+00
7.702215372760546686e+00 1.896955810736022929e+00
7.851897514929685684e+00 1.911912786757674398e+00
8.001579657098824683e+00 1.957378030677481950e+00
8.151261799267963681e+00 1.937057858410073274e+00
8.300943941437102680e+00 1.920705617169033763e+00
8.450626083606241679e+00 1.913982147616064333e+00
8.600308225775378901e+00 1.916687123469273724e+00
8.749990367944519676e+00 1.921775829645506972e+00
8.899672510113656898e+00 1.923607040148763936e+00
9.049354652282797673e+00 1.926226092037489179e+00
9.199036794451934895e+00 1.932765974070974169e+00
9.348718936621075670e+00 1.946032703921314999e+00
9.498401078790212892e+00 1.961170091355044942e+00
9.648083220959351891e+00 1.977335401871948006e+00
9.797765363128490890e+00 1.994587498594077246e+00
9.947447505297629888e+00 2.015480366164912329e+00
1.009712964746676889e+01 2.019003638074369888e+00
1.024681178963590789e+01 2.011369836518430265e+00
1.039649393180504688e+01 2.002068997997416666e+00
1.054617607397418588e+01 1.990720907042188514e+00
1.069585821614332488e+01 1.980690422279615115e+00
1.084554035831246388e+01 1.972919486040944470e+00
1.099522250048160288e+01 1.968513785600595867e+00
1.114490464265074188e+01 1.963777724391460922e+00
1.129458678481988088e+01 1.959702603179130698e+00
1.144426892698901810e+01 1.957108480586963406e+00
1.159395106915815710e+01 1.957034891659284348e+00
1.174363321132729610e+01 1.961571313281719631e+00
1.189331535349643509e+01 1.967466849526069650e+00
1.204299749566557409e+01 1.966633608547995848e+00
1.219267963783471309e+01 1.949363986504481838e+00
1.234236178000385209e+01 1.935148283784759782e+00
1.249204392217299109e+01 1.920254441310312865e+00
1.264172606434213009e+01 1.901469228777226572e+00
1.279140820651126909e+01 1.881489281336083064e+00
1.294109034868040808e+01 1.876990963061257789e+00
1.309077249084954708e+01 1.874224423885690438e+00
1.324045463301868608e+01 1.878622648784861848e+00
1.339013677518782508e+01 1.901115309774796591e+00
1.353981891735696408e+01 1.924728207948948278e+00
1.368950105952610308e+01 1.913998659344144260e+00
1.383918320169524208e+01 1.880544013291411076e+00
1.398886534386437930e+01 1.848209604422895502e+00
1.413854748603351830e+01 1.865277449941790344e+00
1.428822962820265730e+01 1.886536889091310787e+00
1.443791177037179629e+01 1.893054742672588997e+00
1.458759391254093529e+01 1.855566281818898711e+00
1.473727605471007429e+01 1.817725315586120161e+00
1.488695819687921329e+01 1.792964554035831437e+00
1.503664033904835229e+01 1.777671557812324110e+00
1.518632248121749129e+01 1.762378561588816561e+00
1.533600462338663029e+01 1.761199252697884354e+00
1.548568676555576928e+01 1.761439308963627104e+00
1.563536890772490828e+01 1.757725866527803715e+00
1.578505104989404728e+01 1.739021884772263826e+00
1.593473319206318628e+01 1.724798851753592821e+00
1.608441533423232528e+01 1.714768578789564346e+00
1.623409747640146250e+01 1.705711417902768146e+00
1.638377961857059972e+01 1.699623470911192591e+00
1.653346176073974050e+01 1.693661529570410273e+00
1.668314390290888127e+01 1.687674243883644731e+00
1.683282604507801850e+01 1.681686958196879411e+00
1.698250818724715572e+01 1.675699672510113647e+00
1.713219032941629649e+01 1.676366862112254941e+00
1.728187247158543727e+01 1.670799802783153876e+00
1.743155461375457449e+01 1.664846731547711123e+00
1.758123675592371171e+01 1.658613601016214467e+00
1.773091889809285249e+01 1.652100411188663465e+00
1.788060104026199326e+01 1.643316477407105625e+00
1.803028318243113048e+01 1.634735840878443591e+00
1.817996532460026771e+01 1.627251733769986775e+00
1.832964746676940848e+01 1.620962338663070712e+00
1.847932960893854926e+01 1.615723463687150696e+00
1.862901175110768648e+01 1.610733181022783622e+00
1.877869389327682370e+01 1.606609713379643312e+00
1.892837603544596448e+01 1.602206186440448432e+00
1.907805817761510170e+01 1.600525634302675693e+00
1.922774031978424247e+01 1.595328110424233170e+00
1.937742246195337970e+01 1.589850527249736301e+00
1.952710460412252047e+01 1.583915815835099217e+00
1.967678674629165769e+01 1.577928530148333675e+00
1.982646888846079491e+01 1.571176555576960343e+00
1.997615103062993569e+01 1.563692448468503304e+00
2.012583317279907291e+01 1.558095838952032519e+00
2.027551531496821369e+01 1.552984540550953696e+00
2.042519745713735091e+01 1.548494076285879650e+00
2.057487959930649168e+01 1.544003612020805383e+00
2.072456174147562891e+01 1.539513147755731337e+00
2.087424388364476968e+01 1.535022683490657069e+00
2.102392602581390690e+01 1.531782219225582775e+00
2.117360816798304768e+01 1.527291754960508507e+00
2.132329031015218490e+01 1.522801290695434462e+00
2.147297245232132568e+01 1.518310826430360416e+00
2.162265459449046290e+01 1.513820362165286149e+00
2.177233673665960367e+01 1.509218214216913712e+00
2.192201887882874090e+01 1.503979339240994140e+00
2.207170102099788167e+01 1.499098969370063372e+00
2.222138316316701889e+01 1.494608505104989327e+00
2.237106530533615611e+01 1.490723367366596053e+00
2.252074744750529689e+01 1.486981313812367533e+00
2.267042958967443411e+01 1.483239260258139014e+00
2.282011173184357489e+01 1.479497206703910717e+00
2.296979387401271211e+01 1.475755153149682197e+00
2.311947601618185288e+01 1.473263099595453651e+00
2.326915815835099011e+01 1.469521046041225354e+00
2.341884030052013088e+01 1.465778992486996612e+00
2.356852244268926810e+01 1.462036938932768315e+00
2.371820458485840888e+01 1.458294885378539796e+00
2.386788672702754610e+01 1.453963398189173750e+00
2.401756886919668688e+01 1.449560778270082784e+00
2.416725101136582410e+01 1.445818724715854264e+00
2.431693315353496487e+01 1.442411336929300569e+00
2.446661529570410210e+01 1.439417694085917798e+00
2.461629743787324287e+01 1.436424051242535027e+00
2.476597958004238009e+01 1.433430408399152256e+00
2.491566172221151731e+01 1.430436765555769485e+00
2.506534386438065809e+01 1.428693122712386687e+00
2.521502600654979531e+01 1.425699479869003916e+00
2.536470814871893609e+01 1.422705837025621145e+00
2.551439029088807331e+01 1.419712194182238374e+00
2.566407243305721408e+01 1.416718551338855603e+00
2.581375457522635131e+01 1.413406135619341031e+00
2.596343671739549208e+01 1.409664082065112733e+00
2.611311885956462930e+01 1.406487622808707316e+00
2.626280100173377008e+01 1.403557984973993200e+00
2.641248314390290730e+01 1.401312752841456399e+00
2.656216528607204808e+01 1.399067520708919377e+00
2.671184742824118530e+01 1.396822288576382132e+00
2.686152957041032607e+01 1.394577056443845109e+00
2.701121171257946330e+01 1.393581824311308059e+00
2.716089385474860052e+01 1.391336592178771037e+00
2.731057599691774129e+01 1.389091360046233792e+00
2.746025813908687851e+01 1.386846127913696769e+00
2.760994028125601929e+01 1.384600895781159746e+00
2.775962242342515651e+01 1.382307551531497092e+00
2.790930456559429729e+01 1.379313908688114099e+00
2.805898670776343451e+01 1.376615199383548482e+00
2.820866884993257528e+01 1.374369967251011460e+00
2.835835099210171251e+01 1.372124735118474437e+00
2.850803313427085328e+01 1.369879502985937192e+00
2.865771527643999050e+01 1.367634270853400169e+00
2.880739741860913128e+01 1.365389038720863146e+00
2.895707956077826850e+01 1.363143806588325901e+00
2.910676170294740928e+01 1.360898574455788879e+00
2.925644384511654650e+01 1.358653342323251856e+00
2.940612598728568372e+01 1.356408110190714833e+00
2.955580812945482450e+01 1.354162878058177588e+00
2.970549027162396172e+01 1.351917645925640565e+00
2.985517241379310249e+01 1.349672413793103543e+00
