3.062068965517241281e+00 1.068732786574847937e+00 1.898119843990815278e-02
3.211751107686380280e+00 1.108922501163576602e+00 1.969498672958602814e-02
3.361433249855519279e+00 1.147763183605519322e+00 2.038481557196181182e-02
3.511115392024657833e+00 1.185279617495930138e+00 2.105112513537830965e-02
3.660797534193796832e+00 1.221496374690965503e+00 2.169435182759207187e-02
3.810479676362935830e+00 1.256437815307682948e+00 2.231492829577337231e-02
3.960161818532074385e+00 1.290128087724041750e+00 2.291328342650621880e-02
4.109843960701213383e+00 1.322591128578902486e+00 2.348984234578833236e-02
4.259526102870352382e+00 1.353850662772027258e+00 2.404502641903117494e-02
4.409208245039491381e+00 1.383930203464079467e+00 2.457925325105992168e-02
4.558890387208630379e+00 1.412853052076624483e+00 2.509293668611348865e-02
4.708572529377768490e+00 1.440642298292128309e+00 2.558648680784450513e-02
4.858254671546907488e+00 1.467320820053959807e+00 2.606030993931934825e-02
5.007936813716046487e+00 1.492911283566388247e+00 2.651480864301811180e-02
5.157618955885185485e+00 1.517436143294583983e+00 2.695038172083459582e-02
5.307301098054324484e+00 1.540917641964620222e+00 2.736742421407636558e-02
5.456983240223463483e+00 1.563377810563471026e+00 2.776632740346469258e-02
5.606665382392602481e+00 1.584838468339010875e+00 2.814747880913456152e-02
5.756347524561741480e+00 1.605321222800017766e+00 2.851126219063471884e-02
5.906029666730880479e+00 1.624847469716170112e+00 2.885805754692762418e-02
6.055711808900019477e+00 1.643438393118047403e+00 2.918824111638944688e-02
6.205393951069158476e+00 1.661114965297131096e+00 2.950218537681010417e-02
6.355076093238296586e+00 1.677897946805803953e+00 2.980025904539322645e-02
6.504758235407435585e+00 1.693807886457350920e+00 3.008282707875619202e-02
6.654440377576574583e+00 1.708865121325957137e+00 3.035025067293007847e-02
6.804122519745713582e+00 1.723089776746711044e+00 3.060288726335972515e-02
6.953804661914852581e+00 1.736501766315600381e+00 3.084109052490366029e-02
7.103486804083991579e+00 1.749120791889516191e+00 3.106521037183416697e-02
7.253168946253129690e+00 1.760966343586249705e+00 3.127559295783724491e-02
7.402851088422268688e+00 1.772057699784494345e+00 3.147258067601261394e-02
7.552533230591407687e+00 1.782413927123845276e+00 3.165651215887375219e-02
7.702215372760546686e+00 1.792053880504798080e+00 3.182772227834781281e-02
7.851897514929685684e+00 1.800996203088751635e+00 3.198654214577573845e-02
8.001579657098824683e+00 1.809259326298004567e+00 3.213329911191215027e-02
8.151261799267963681e+00 1.816861469815757468e+00 3.226831676692541728e-02
8.300943941437102680e+00 1.823820641586112234e+00 3.239191494039762170e-02
8.450626083606241679e+00 1.830154637814073615e+00 3.250440970132460750e-02
8.600308225775378901e+00 1.835881042965545662e+00 3.260611335811589018e-02
8.749990367944519676e+00 1.841017229767335506e+00 3.269733445859476784e-02
8.899672510113656898e+00 1.845580359207151799e+00 3.277837778999823787e-02
9.049354652282797673e+00 1.849587380533603609e+00 3.284954437897702473e-02
9.199036794451934895e+00 1.853055031256202190e+00 3.291113149159558687e-02
9.348718936621075670e+00 1.855999837145360098e+00 3.296343263333210288e-02
9.498401078790212892e+00 1.858438112232391859e+00 3.300673754907849922e-02
9.648083220959351891e+00 1.860385958809512408e+00 3.304133222314039470e-02
9.797765363128490890e+00 1.861859267429838871e+00 3.306749887923716297e-02
9.947447505297629888e+00 1.862873716907390786e+00 3.308551598050191167e-02
1.009712964746676889e+01 1.863444774317087216e+00 3.309565822948144082e-02
1.024681178963590789e+01 1.863587694994749411e+00 3.309819656813629135e-02
1.039649393180504688e+01 1.863317522537101034e+00 3.309339817784075904e-02
1.054617607397418588e+01 1.862649088801767050e+00 3.308152647938284591e-02
1.069585821614332488e+01 1.861597013907272835e+00 3.306284113296426713e-02
1.084554035831246388e+01 1.860175706233044846e+00 3.303759803820047192e-02
1.099522250048160288e+01 1.858399362419414391e+00 3.300604933412067815e-02
1.114490464265074188e+01 1.856281967367610086e+00 3.296844339916776834e-02
1.129458678481988088e+01 1.853837294239764288e+00 3.292502485119838673e-02
1.144426892698901810e+01 1.851078904458910657e+00 3.287603454748289772e-02
1.159395106915815710e+01 1.848020147708983929e+00 3.282170958470540661e-02
1.174363321132729610e+01 1.844674161934820367e+00 3.276228329896371805e-02
1.189331535349643509e+01 1.841053873342157976e+00 3.269798526576938452e-02
1.204299749566557409e+01 1.837171996397636509e+00 3.262904130004769254e-02
1.219267963783471309e+01 1.833041033828796573e+00 3.255567345613763486e-02
1.234236178000385209e+01 1.828673276624079636e+00 3.247810002779192434e-02
1.249204392217299109e+01 1.824080804032830683e+00 3.239653554817704950e-02
1.264172606434213009e+01 1.819275483565293783e+00 3.231119078987316345e-02
1.279140820651126909e+01 1.814268970992617636e+00 3.222227276487420883e-02
1.294109034868040808e+01 1.809072710346849355e+00 3.212998472458781368e-02
1.309077249084954708e+01 1.803697933920938024e+00 3.203452615983532620e-02
1.324045463301868608e+01 1.798155662268735133e+00 3.193609280085184243e-02
1.339013677518782508e+01 1.792456704204995255e+00 3.183487661728621326e-02
1.353981891735696408e+01 1.786611656805370929e+00 3.173106581820096805e-02
1.368950105952610308e+01 1.780630905406417774e+00 3.162484485207237017e-02
1.383918320169524208e+01 1.774524623605593376e+00 3.151639440679043780e-02
1.398886534386437930e+01 1.768302773261257288e+00 3.140589140965890230e-02
1.413854748603351830e+01 1.761975104492667255e+00 3.129350902739518742e-02
1.428822962820265730e+01 1.755551155679987430e+00 3.117941666613052720e-02
1.443791177037179629e+01 1.749040253464279493e+00 3.106377997140979952e-02
1.458759391254093529e+01 1.742451512747509312e+00 3.094676082819166479e-02
1.473727605471007429e+01 1.735793836692540948e+00 3.082851736084845501e-02
1.488695819687921329e+01 1.729075916723144646e+00 3.070920393316631247e-02
1.503664033904835229e+01 1.722306232523987068e+00 3.058897114834501288e-02
1.518632248121749129e+01 1.715493052040640398e+00 3.046796584899813531e-02
1.533600462338663029e+01 1.708644431479575010e+00 3.034633111715292347e-02
1.548568676555576928e+01 1.701768215308166576e+00 3.022420627425042097e-02
1.563536890772490828e+01 1.694872036254689407e+00 3.010172688114533951e-02
1.578505104989404728e+01 1.687963315308318668e+00 2.997902473810611784e-02
1.593473319206318628e+01 1.681049261719133714e+00 2.985622788481496342e-02
1.608441533423232528e+01 1.674136872998113423e+00 2.973346060036777608e-02
1.623409747640146250e+01 1.667232934917139531e+00 2.961084340327421044e-02
1.638377961857059972e+01 1.660344021508993739e+00 2.948849305145762045e-02
1.653346176073974050e+01 1.653476495067359275e+00 2.936652254225508366e-02
1.668314390290888127e+01 1.646636506146823553e+00 2.924504111241745669e-02
1.683282604507801850e+01 1.639829993562871513e+00 2.912415423810925733e-02
1.698250818724715572e+01 1.633062684391892505e+00 2.900396363490877552e-02
1.713219032941629649e+01 1.626340093971176959e+00 2.888456725780802481e-02
1.728187247158543727e+01 1.619667525898914384e+00 2.876605930121270069e-02
1.743155461375457449e+01 1.613050072034200477e+00 2.864853019894231245e-02
1.758123675592371171e+01 1.606492612497027350e+00 2.853206662423000625e-02
1.773091889809285249e+01 1.599999815668290415e+00 2.841675148972268652e-02
1.788060104026199326e+01 1.593576138189788383e+00 2.830266394748101599e-02
1.803028318243113048e+01 1.587225824964219933e+00 2.818987938897936016e-02
1.817996532460026771e+01 1.580952909155184827e+00 2.807846944510580464e-02
1.832964746676940848e+01 1.574761212187184789e+00 2.796850198616216907e-02
1.847932960893854926e+01 1.568654343745621960e+00 2.786004112186398277e-02
1.862901175110768648e+01 1.562635701776805330e+00 2.775314720134059929e-02
1.877869389327682370e+01 1.556708472487936534e+00 2.764787681313493617e-02
1.892837603544596448e+01 1.550875630347126277e+00 2.754428278520377679e-02
1.907805817761510170e+01 1.545139938083381237e+00 2.744241418491754139e-02
1.922774031978424247e+01 1.539503946686612057e+00 2.734231631906040502e-02
1.937742246195337970e+01 1.533969995407635123e+00 2.724403073383036000e-02
1.952710460412252047e+01 1.528540211758158351e+00 2.714759521483894530e-02
1.967678674629165769e+01 1.523216511510800286e+00 2.705304378711158655e-02
1.982646888846079491e+01 1.518000598699076997e+00 2.696040671508736705e-02
1.997615103062993569e+01 1.512893965617406078e+00 2.686971050261910063e-02
2.012583317279907291e+01 1.507897892821108199e+00 2.678097789297335246e-02
2.027551531496821369e+01 1.503013449126403334e+00 2.669422786883038357e-02
2.042519745713735091e+01 1.498241491610415865e+00 2.660947565228422712e-02
2.057487959930649168e+01 1.493582665611166593e+00 2.652673270484255316e-02
2.072456174147562891e+01 1.489037404727580505e+00 2.644600672742681777e-02
2.087424388364476968e+01 1.484605930819491659e+00 2.636730166037232204e-02
2.102392602581390690e+01 1.480288254007621651e+00 2.629061768342786168e-02
2.117360816798304768e+01 1.476084172673602257e+00 2.621595121575610865e-02
2.132329031015218490e+01 1.471993273459966334e+00 2.614329491593344809e-02
2.147297245232132568e+01 1.468014931270147594e+00 2.607263768194999567e-02
2.162265459449046290e+01 1.464148309268474613e+00 2.600396465120946229e-02
2.177233673665960367e+01 1.460392358880189034e+00 2.593725720052950101e-02
2.192201887882874090e+01 1.456745819791428254e+00 2.587249294614138787e-02
2.207170102099788167e+01 1.453207219949228302e+00 2.580964574369007392e-02
2.222138316316701889e+01 1.449774875561530951e+00 2.574868568823431708e-02
2.237106530533615611e+01 1.446446891097177723e+00 2.568957911424656765e-02
2.252074744750529689e+01 1.443221159285916100e+00 2.563228859561308623e-02
2.267042958967443411e+01 1.440095361118382211e+00 2.557677294563362458e-02
2.282011173184357489e+01 1.437066965846128586e+00 2.552298721702193907e-02
2.296979387401271211e+01 1.434133230981602836e+00 2.547088270190539169e-02
2.311947601618185288e+01 1.431291202298154097e+00 2.542040693182507152e-02
2.326915815835099011e+01 1.428537713830030587e+00 2.537150367773575652e-02
2.341884030052013088e+01 1.425869387872386707e+00 2.532411295000603149e-02
2.356852244268926810e+01 1.423282634981276384e+00 2.527817099841818058e-02
2.371820458485840888e+01 1.420773653973651740e+00 2.523361031216814904e-02
2.386788672702754610e+01 1.418338431927375076e+00 2.519035961986576880e-02
2.401756886919668688e+01 1.415972744181200005e+00 2.514834388953441149e-02
2.416725101136582410e+01 1.413672154334790321e+00 2.510748432861133889e-02
2.431693315353496487e+01 1.411432014248700240e+00 2.506769838394733857e-02
2.446661529570410210e+01 1.409247464044399267e+00 2.502889974180717500e-02
2.461629743787324287e+01 1.407113432104249551e+00 2.499099832786917663e-02
2.476597958004238009e+01 1.405024635071515871e+00 2.495390030722542327e-02
2.491566172221151731e+01 1.402975577850366973e+00 2.491750808438176687e-02
2.506534386438065809e+01 1.400960553605867132e+00 2.488172030325767892e-02
2.521502600654979531e+01 1.398973643763994801e+00 2.484643184718658346e-02
2.536470814871893609e+01 1.397008718011612638e+00 2.481153383891532629e-02
2.551439029088807331e+01 1.395059434296496592e+00 2.477691364060469192e-02
2.566407243305721408e+01 1.393119238827327688e+00 2.474245485382925089e-02
2.581375457522635131e+01 1.391181366073674042e+00 2.470803731957704752e-02
2.596343671739549208e+01 1.389238838766013950e+00 2.467353711825001281e-02
2.611311885956462930e+01 1.387284467895725015e+00 2.463882656966375623e-02
2.626280100173377008e+01 1.385310852715098573e+00 2.460377423304784331e-02
2.641248314390290730e+01 1.383310380737301282e+00 2.456824490704509131e-02
2.656216528607204808e+01 1.381275227736427524e+00 2.453209962971251989e-02
2.671184742824118530e+01 1.379197357747461217e+00 2.449519567852066065e-02
2.686152957041032607e+01 1.377068523066284911e+00 2.445738657035371674e-02
2.701121171257946330e+01 1.374880264249688455e+00 2.441852206150973287e-02
2.716089385474860052e+01 1.372623910115357448e+00 2.437844814770036631e-02
2.731057599691774129e+01 1.370290577741892779e+00 2.433700706405125466e-02
2.746025813908687851e+01 1.367871172468773100e+00 2.429403728510134280e-02
2.760994028125601929e+01 1.365356387896407231e+00 2.424937352480380920e-02
2.775962242342515651e+01 1.362736705886076649e+00 2.420284673652504243e-02
2.790930456559429729e+01 1.360002396559987226e+00 2.415428411304557793e-02
2.805898670776343451e+01 1.357143518301234142e+00 2.410350908655944924e-02
2.820866884993257528e+01 1.354149917753819876e+00 2.405034132867452795e-02
2.835835099210171251e+01 1.351011229822641324e+00 2.399459675041228784e-02
2.850803313427085328e+01 1.347716877673502012e+00 2.393608750220801648e-02
2.865771527643999050e+01 1.344256072733112983e+00 2.387462197391083604e-02
2.880739741860913128e+01 1.340617814689066378e+00 2.381000479478324189e-02
2.895707956077826850e+01 1.336790891489882949e+00 2.374203683350192828e-02
2.910676170294740928e+01 1.332763879344966984e+00 2.367051519815700777e-02
2.925644384511654650e+01 1.328525142724624741e+00 2.359523323625231650e-02
2.940612598728568372e+01 1.324062834360074659e+00 2.351598053470561889e-02
2.955580812945482450e+01 1.319364895243424707e+00 2.343254291984818785e-02
2.970549027162396172e+01 1.314419054627687711e+00 2.334470245742508929e-02
2.985517241379310249e+01 1.309212830026787566e+00 2.325223745259528269e-02
