3.062068965517241281e+00 8.743373170775257108e-01 5.351456516273144122e-03
3.211751107686380280e+00 8.871215012887716522e-01 5.429703211874771333e-03
3.361433249855519279e+00 8.996109959632592190e-01 5.506146234899509523e-03
3.511115392024657833e+00 9.118097320553189000e-01 5.580809645090385566e-03
3.660797534193796832e+00 9.237216161362259426e-01 5.653717352951844778e-03
3.810479676362935830e+00 9.353505303942001303e-01 5.724893119749751777e-03
3.960161818532074385e+00 9.467003326344056724e-01 5.794360557511388753e-03
4.109843960701213383e+00 9.577748562789516473e-01 5.862143129025457200e-03
4.259526102870352382e+00 9.685779103668914480e-01 5.928264147842077919e-03
4.409208245039491381e+00 9.791132795542228928e-01 5.992746778272787546e-03
4.558890387208630379e+00 9.893847241138887805e-01 6.055614035390543756e-03
4.708572529377768490e+00 9.993959799357761131e-01 6.116888785029722664e-03
4.858254671546907488e+00 1.009150758526716762e+00 6.176593743786117953e-03
5.007936813716046487e+00 1.018652747010487136e+00 6.234751479016943480e-03
5.157618955885185485e+00 1.027905608127807735e+00 6.291384408840828939e-03
5.307301098054324484e+00 1.036912980236344151e+00 6.346514802137825061e-03
5.456983240223463483e+00 1.045678477310706400e+00 6.400164778549400149e-03
5.606665382392602481e+00 1.054205688942448926e+00 6.452356308478440945e-03
5.756347524561741480e+00 1.062498180340071485e+00 6.503111213089256097e-03
5.906029666730880479e+00 1.070559492329016704e+00 6.552451164307564885e-03
6.055711808900019477e+00 1.078393141351673634e+00 6.600397684820513700e-03
6.205393951069158476e+00 1.086002619467374863e+00 6.646972148076662167e-03
6.355076093238296586e+00 1.093391394352397628e+00 6.692195778285990951e-03
6.504758235407435585e+00 1.100562909299964254e+00 6.736089650419900023e-03
6.654440377576574583e+00 1.107520583220241051e+00 6.778674690211204321e-03
6.804122519745713582e+00 1.114267810640339196e+00 6.819971674154141558e-03
6.953804661914852581e+00 1.120807961704314071e+00 6.860001229504362683e-03
7.103486804083991579e+00 1.127144382173166370e+00 6.898783834278944885e-03
7.253168946253129690e+00 1.133280393424840771e+00 6.936339817256378590e-03
7.402851088422268688e+00 1.139219292454226595e+00 6.972689357976572661e-03
7.552533230591407687e+00 1.144964351873157593e+00 7.007852486740855265e-03
7.702215372760546686e+00 1.150518819910412383e+00 7.041849084611974743e-03
7.851897514929685684e+00 1.155885920411714451e+00 7.074698883414098742e-03
8.001579657098824683e+00 1.161068852839731047e+00 7.106421465732809875e-03
8.151261799267963681e+00 1.166070792274074286e+00 7.137036264915110929e-03
8.300943941437102680e+00 1.170894889411301154e+00 7.166562565069423130e-03
8.450626083606241679e+00 1.175544270564912619e+00 7.195019501065585271e-03
8.600308225775378901e+00 1.180022037665355183e+00 7.222426058534860659e-03
8.749990367944519676e+00 1.184331268260019110e+00 7.248801073869924096e-03
8.899672510113656898e+00 1.188475015513239308e+00 7.274163234224870558e-03
9.049354652282797673e+00 1.192456308206295557e+00 7.298531077515216930e-03
9.199036794451934895e+00 1.196278150737411838e+00 7.321922992417893329e-03
9.348718936621075670e+00 1.199943523121757227e+00 7.344357218371254381e-03
9.498401078790212892e+00 1.203455380991444557e+00 7.365851845575067079e-03
9.648083220959351891e+00 1.206816655595532195e+00 7.386424814990523793e-03
9.797765363128490890e+00 1.210030253800022271e+00 7.406093918340229260e-03
9.947447505297629888e+00 1.213099058087862225e+00 7.424876798108211856e-03
1.009712964746676889e+01 1.216025926558943038e+00 7.442790947539914062e-03
1.024681178963590789e+01 1.218813692930101666e+00 7.459853710642201999e-03
1.039649393180504688e+01 1.221465166535117941e+00 7.476082282183353286e-03
1.054617607397418588e+01 1.223983132324717893e+00 7.491493707693071789e-03
1.069585821614332488e+01 1.226370350866570869e+00 7.506104883462473738e-03
1.084554035831246388e+01 1.228629558345291528e+00 7.519932556544098139e-03
1.099522250048160288e+01 1.230763466562438957e+00 7.532993324751901566e-03
1.114490464265074188e+01 1.232774762936516666e+00 7.545303636661259035e-03
1.129458678481988088e+01 1.234666110502972591e+00 7.556879791608961394e-03
1.144426892698901810e+01 1.236440147914199539e+00 7.567737939693221401e-03
1.159395106915815710e+01 1.238099489439535184e+00 7.577894081773672852e-03
1.174363321132729610e+01 1.239646724965260738e+00 7.587364069471361043e-03
1.189331535349643509e+01 1.241084419994602728e+00 7.596163605168752310e-03
1.204299749566557409e+01 1.242415115647732549e+00 7.604308242009738365e-03
1.219267963783471309e+01 1.243641328661765355e+00 7.611813383899618951e-03
1.234236178000385209e+01 1.244765551390761171e+00 7.618694285505119186e-03
1.249204392217299109e+01 1.245790251805725113e+00 7.624966052254381760e-03
1.264172606434213009e+01 1.246717873494605833e+00 7.630643640336965197e-03
1.279140820651126909e+01 1.247550835662297963e+00 7.635741856703852533e-03
1.294109034868040808e+01 1.248291533130638786e+00 7.640275359067434831e-03
1.309077249084954708e+01 1.248942336338412229e+00 7.644258655901535471e-03
1.324045463301868608e+01 1.249505591341345534e+00 7.647706106441386729e-03
1.339013677518782508e+01 1.249983619812110369e+00 7.650631920683639321e-03
1.353981891735696408e+01 1.250378719040323938e+00 7.653050159386369337e-03
1.368950105952610308e+01 1.250693161932546982e+00 7.654974734069064368e-03
1.383918320169524208e+01 1.250929197012285332e+00 7.656419407012633044e-03
1.398886534386437930e+01 1.251089048419989691e+00 7.657397791259406769e-03
1.413854748603351830e+01 1.251174915913054964e+00 7.657923350613131050e-03
1.428822962820265730e+01 1.251188974865820480e+00 7.658009399638969830e-03
1.443791177037179629e+01 1.251133376269570219e+00 7.657669103663506359e-03
1.458759391254093529e+01 1.251010246732532583e+00 7.656915478774741456e-03
1.473727605471007429e+01 1.250821688479881511e+00 7.655761391822099582e-03
1.488695819687921329e+01 1.250569779353734035e+00 7.654219560416416698e-03
1.503664033904835229e+01 1.250256572813152722e+00 7.652302552929952408e-03
1.518632248121749129e+01 1.249884097934144567e+00 7.650022788496382148e-03
1.533600462338663029e+01 1.249454359409660764e+00 7.647392537010800663e-03
1.548568676555576928e+01 1.248969337549597380e+00 7.644423919129722002e-03
1.563536890772490828e+01 1.248430988280795795e+00 7.641128906271082120e-03
1.578505104989404728e+01 1.247841243147040258e+00 7.637519320614226739e-03
1.593473319206318628e+01 1.247202009309060333e+00 7.633606835099923486e-03
1.608441533423232528e+01 1.246515169544531343e+00 7.629402973430367968e-03
1.623409747640146250e+01 1.245782582248071257e+00 7.624919110069161218e-03
1.638377961857059972e+01 1.245006081431243805e+00 7.620166470241328781e-03
1.653346176073974050e+01 1.244187476722557140e+00 7.615156129933316372e-03
1.668314390290888127e+01 1.243328553367463396e+00 7.609899015892982940e-03
1.683282604507801850e+01 1.242431072228360467e+00 7.604405905629614548e-03
1.698250818724715572e+01 1.241496769784589116e+00 7.598687427413904419e-03
1.713219032941629649e+01 1.240527358132436531e+00 7.592754060277976356e-03
1.728187247158543727e+01 1.239524524985132548e+00 7.586616134015361328e-03
1.743155461375457449e+01 1.238489933672853649e+00 7.580283829181020880e-03
1.758123675592371171e+01 1.237425223142719188e+00 7.573767177091324590e-03
1.773091889809285249e+01 1.236332007958793611e+00 7.567076059824064810e-03
1.788060104026199326e+01 1.235211878302086674e+00 7.560220210218455798e-03
1.803028318243113048e+01 1.234066399970551231e+00 7.553209211875122446e-03
1.817996532460026771e+01 1.232897114379086112e+00 7.546052499156115888e-03
1.832964746676940848e+01 1.231705538559533686e+00 7.538759357184901359e-03
1.847932960893854926e+01 1.230493165160681635e+00 7.531338921846365136e-03
1.862901175110768648e+01 1.229261462448261844e+00 7.523800179786811065e-03
1.877869389327682370e+01 1.228011874304951068e+00 7.516151968413962298e-03
1.892837603544596448e+01 1.226745820230370043e+00 7.508402975896958688e-03
1.907805817761510170e+01 1.225464695341084376e+00 7.500561741166359396e-03
1.922774031978424247e+01 1.224169870370604762e+00 7.492636653914145489e-03
1.937742246195337970e+01 1.222862691669385438e+00 7.484635954593709534e-03
1.952710460412252047e+01 1.221544481204825949e+00 7.476567734419869472e-03
1.967678674629165769e+01 1.220216536561270715e+00 7.468439935368860819e-03
1.982646888846079491e+01 1.218880130940007245e+00 7.460260350178331452e-03
1.997615103062993569e+01 1.217536513159269251e+00 7.452036622347356365e-03
2.012583317279907291e+01 1.216186907654234428e+00 7.443776246136425516e-03
2.027551531496821369e+01 1.214832514477024450e+00 7.435486566567442966e-03
2.042519745713735091e+01 1.213474509296706749e+00 7.427174779423740755e-03
2.057487959930649168e+01 1.212114043399291852e+00 7.418847931250059820e-03
2.072456174147562891e+01 1.210752243687736929e+00 7.410512919352570810e-03
2.087424388364476968e+01 1.209390212681940913e+00 7.402176491798848068e-03
2.102392602581390690e+01 1.208029028518749826e+00 7.393845247417898253e-03
2.117360816798304768e+01 1.206669744951952783e+00 7.385525635800138655e-03
2.132329031015218490e+01 1.205313391352284214e+00 7.377223957297409339e-03
2.147297245232132568e+01 1.203960972707422972e+00 7.368946363022967072e-03
2.162265459449046290e+01 1.202613469621992337e+00 7.360698854851487928e-03
2.177233673665960367e+01 1.201271838317559570e+00 7.352487285419062948e-03
2.192201887882874090e+01 1.199937010632638135e+00 7.344317358123209419e-03
2.207170102099788167e+01 1.198609894022683697e+00 7.336194627122851787e-03
2.222138316316701889e+01 1.197291371560098572e+00 7.328124497338344215e-03
2.237106530533615611e+01 1.195982301934229941e+00 7.320112224451461903e-03
2.252074744750529689e+01 1.194683519451366749e+00 7.312162914905380277e-03
2.267042958967443411e+01 1.193395834034745251e+00 7.304281525904711414e-03
2.282011173184357489e+01 1.192120031224545018e+00 7.296472865415478022e-03
2.296979387401271211e+01 1.190856872177890269e+00 7.288741592165122116e-03
2.311947601618185288e+01 1.189607093668850535e+00 7.281092215642506749e-03
2.326915815835099011e+01 1.188371408088438885e+00 7.273529096097910811e-03
2.341884030052013088e+01 1.187150503444613481e+00 7.266056444543032497e-03
2.356852244268926810e+01 1.185945043362277129e+00 7.258678322750989308e-03
2.371820458485840888e+01 1.184755667083277508e+00 7.251398643256320650e-03
2.386788672702754610e+01 1.183582989466405611e+00 7.244221169354974829e-03
2.401756886919668688e+01 1.182427600987398186e+00 7.237149515104327260e-03
2.416725101136582410e+01 1.181290067738935967e+00 7.230187145323167461e-03
2.431693315353496487e+01 1.180170931430645442e+00 7.223337375591712926e-03
2.446661529570410210e+01 1.179070709389095306e+00 7.216603372251582244e-03
2.461629743787324287e+01 1.177989894557800898e+00 7.209988152405827182e-03
2.476597958004238009e+01 1.176928955497221541e+00 7.203494583918915346e-03
2.491566172221151731e+01 1.175888336384760979e+00 7.197125385416729311e-03
2.506534386438065809e+01 1.174868457014767831e+00 7.190883126286574424e-03
2.521502600654979531e+01 1.173869712798534248e+00 7.184770226677166666e-03
2.536470814871893609e+01 1.172892474764298143e+00 7.178788957498649995e-03
2.551439029088807331e+01 1.171937089557241851e+00 7.172941440422584206e-03
2.566407243305721408e+01 1.171003879439491913e+00 7.167229647881946664e-03
2.581375457522635131e+01 1.170093142290118848e+00 7.161655403071127968e-03
2.596343671739549208e+01 1.169205151605139603e+00 7.156220379945950165e-03
2.611311885956462930e+01 1.168340156497512439e+00 7.150926103223634658e-03
2.626280100173377008e+01 1.167498381697144261e+00 7.145773948382843840e-03
2.641248314390290730e+01 1.166680027550884624e+00 7.140765141663649000e-03
2.656216528607204808e+01 1.165885270022526843e+00 7.135900760067535528e-03
2.671184742824118530e+01 1.165114260692808656e+00 7.131181731357404650e-03
2.686152957041032607e+01 1.164367126759415338e+00 7.126608834057595113e-03
2.701121171257946330e+01 1.163643971036972147e+00 7.122182697453836343e-03
2.716089385474860052e+01 1.162944871957053650e+00 7.117903801593305699e-03
2.731057599691774129e+01 1.162269883568175288e+00 7.113772477284576422e-03
2.746025813908687851e+01 1.161619035535798705e+00 7.109788906097649734e-03
2.760994028125601929e+01 1.160992333142330857e+00 7.105953120363949632e-03
2.775962242342515651e+01 1.160389757287120904e+00 7.102265003176305540e-03
2.790930456559429729e+01 1.159811264486465099e+00 7.098724288388980064e-03
2.805898670776343451e+01 1.159256786873601897e+00 7.095330560617641238e-03
2.820866884993257528e+01 1.158726232198717065e+00 7.092083255239389414e-03
2.835835099210171251e+01 1.158219483828939023e+00 7.088981658392735571e-03
2.850803313427085328e+01 1.157736400748340833e+00 7.086024906977607396e-03
2.865771527643999050e+01 1.157276817557940651e+00 7.083211988655354480e-03
2.880739741860913128e+01 1.156840544475701282e+00 7.080541741848746587e-03
2.895707956077826850e+01 1.156427367336528622e+00 7.078012855741962379e-03
2.910676170294740928e+01 1.156037047592276323e+00 7.075623870280618039e-03
2.925644384511654650e+01 1.155669322311739577e+00 7.073373176171730836e-03
2.940612598728568372e+01 1.155323904180658889e+00 7.071259014883739952e-03
2.955580812945482450e+01 1.155000481501719856e+00 7.069279478646508207e-03
2.970549027162396172e+01 1.154698718194552942e+00 7.067432510451317727e-03
2.985517241379310249e+01 1.154418253795732152e+00 7.065715904050863007e-03
