-6.2 0.0305 0.12 1
-5.8 0.0477 0.155 1
-5.4 0.0699 0.192 1
-5 0.0971 0.228 1
-4.6 0.13 0.273 1
-4.2 0.17 0.326 0.968
-3.8 0.217 0.383 0.932
-3.4 0.273 0.44 0.88
-3 0.337 0.495 0.876
-2.6 0.408 0.542 0.915
-2.2 0.484 0.589 0.965
-1.8 0.567 0.635 0.973
-1.4 0.656 0.676 0.944
-1 0.751 0.705 0.894
-0.6 0.849 0.725 0.838
-0.2 0.95 0.735 0.771
0.2 1.05 0.735 0.697
0.6 1.15 0.725 0.618
1 1.25 0.705 0.538
1.4 1.34 0.676 0.461
1.8 1.43 0.635 0.385
2.2 1.52 0.589 0.308
2.6 1.59 0.542 0.234
3 1.66 0.495 0.178
3.4 1.73 0.44 0.139
3.8 1.78 0.383 0.114
4.2 1.83 0.326 0.0901
4.6 1.87 0.273 0.0677
5 1.9 0.228 0.0493
5.4 1.93 0.192 0.035
5.8 1.95 0.155 0.0243
6.2 1.97 0.12 0.0166
6.6 1.98 0.089 0.0111
7 1.99 0.063 0.00731
7.4 1.99 0.0456 0.00478
7.8 2 0.0356 0.0031
8.2 2 0.0256 0.00201
8.6 2 0.0141 0.00129
9 2 0.00777 0.000832
9.4 2 0.00265 0.000535
9.8 2 0 0.000343
10.2 2 0 0.000221
10.6 2 0 0.000141
11 2 0 9.07e-05
11.4 2 0 5.82e-05
11.8 2 0 3.73e-05
12.2 2 0 2.39e-05
12.6 2 0 1.53e-05
13 2 0 9.84e-06
13.4 2 0 6.31e-06
13.8 2 0 4.05e-06
14.2 2 0 2.59e-06
14.6 2 0 1.66e-06
15 2 0 1.07e-06
15.4 2 0 6.84e-07
15.8 2 0 4.38e-07
16.2 2 0 2.81e-07
16.6 2 0 1.8e-07
17 2 0 1.16e-07
17.4 2 0 7.4e-08
17.8 2 0 4.75e-08
18.2 2 0 3.04e-08
18.6 2 0 1.95e-08
19 2 0 1.25e-08
19.4 2 0 8.03e-09
19.8 2 0 5.15e-09
20.2 2 0 3.3e-09
20.6 2 0 2.12e-09
21 2 0 1.36e-09
21.4 2 0 8.69e-10
21.8 2 0 5.57e-10
22.2 2 0 3.57e-10
22.6 2 0 2.29e-10
23 2 0 1.47e-10
23.4 2 0 9.43e-11
23.8 2 0 6.05e-11
24.2 2 0 3.88e-11
24.6 2 0 2.48e-11
25 2 0 1.59e-11
25.4 2 0 1.02e-11
25.8 2 0 6.55e-12
26.2 2 0 4.2e-12
26.6 2 0 2.69e-12
27 2 0 1.72e-12
27.4 2 0 1.11e-12
27.8 2 0 7.09e-13
28.2 2 0 4.55e-13
28.6 2 0 2.92e-13
29 2 0 1.87e-13
29.4 2 0 1.2e-13
29.8 2 0 7.69e-14
30.2 2 0 4.93e-14
30.6 2 0 3.16e-14
31 2 0 2.03e-14
31.4 2 0 1.3e-14
31.8 2 0 8.01e-15
32.3 2 0 4.69e-15
32.8 2 0 2.54e-15
33.5 2 0 1.36e-15
34 2 0 6.92e-16
34.6 2 0 3.68e-16
35.2 2 0 1.85e-16
35.8 2 0 1.02e-16
36.3 2 0 5.27e-17
36.7 2 0 3.33e-17
37.1 2 0 2.31e-17
37.5 2 0 1.48e-17
37.9 2 0 9.5e-18
38.3 2 0 6.09e-18
38.7 2 0 3.9e-18
39.1 2 0 2.5e-18
39.5 2 0 1.6e-18
39.9 2 0 1.03e-18
40.3 2 0 6.59e-19
40.7 2 0 4.23e-19
41.1 2 0 2.71e-19
41.5 2 0 1.74e-19
41.9 2 0 1.11e-19
42.3 2 0 7.15e-20
42.7 2 0 4.58e-20
43.1 2 0 2.94e-20
43.5 2 0 1.88e-20
43.9 2 0 1.21e-20
44.3 2 0 7.75e-21
44.7 2 0 4.97e-21
45.1 2 0 3.18e-21
45.5 2 0 2.04e-21
45.9 2 0 1.31e-21
46.3 2 0 8.39e-22
46.7 2 0 5.38e-22
47.1 2 0 3.45e-22
47.5 2 0 2.21e-22
47.9 2 0 1.42e-22
48.3 2 0 9.1e-23
48.7 2 0 5.83e-23
49.1 2 0 3.74e-23
49.5 2 0 2.4e-23
49.9 2 0 1.54e-23
50.3 2 0 9.85e-24
50.7 2 0 6.32e-24
51.1 2 0 4.05e-24
51.5 2 0 2.6e-24
51.9 2 0 1.67e-24
52.3 2 0 1.07e-24
52.7 2 0 6.84e-25
53.1 2 0 4.38e-25
53.5 2 0 2.81e-25
53.9 2 0 1.81e-25
54.3 2 0 1.16e-25
54.7 2 0 7.42e-26
55.1 2 0 4.76e-26
55.5 2 0 3.05e-26
55.9 2 0 1.95e-26
56.3 2 0 1.25e-26
56.7 2 0 8.04e-27
57.1 2 0 5.16e-27
57.5 2 0 3.31e-27
57.9 2 0 2.12e-27
58.3 2 0 1.36e-27
58.7 2 0 8.72e-28
59.1 2 0 5.59e-28
59.5 2 0 3.59e-28
59.9 2 0 2.3e-28
60.3 2 0 1.47e-28
60.7 2 0 9.43e-29
61.1 2 0 6.05e-29
61.5 2 0 3.88e-29
61.9 2 0 2.49e-29
62.3 2 0 1.6e-29
62.7 2 0 1.02e-29
63.1 2 0 6.56e-30
63.5 2 0 4.21e-30
63.9 2 0 2.7e-30
64.3 2 0 1.73e-30
64.7 2 0 1.11e-30
65.1 2 0 7.12e-31
65.5 2 0 4.56e-31
65.9 2 0 2.92e-31
66.3 2 0 1.87e-31
66.7 2 0 1.2e-31
67.1 2 0 7.7e-32
67.5 2 0 4.94e-32
67.9 2 0 3.17e-32
68.3 2 0 2.03e-32
68.7 2 0 1.3e-32
69.1 2 0 8.35e-33
69.5 2 0 5.35e-33
69.9 2 0 3.43e-33
70.3 2 0 2.2e-33
70.7 2 0 1.41e-33
71.1 2 0 9.06e-34
71.5 2 0 5.81e-34
71.9 2 0 3.72e-34
72.3 2 0 2.39e-34
72.7 2 0 1.53e-34
73.1 2 0 9.81e-35
73.5 2 0 6.28e-35
73.9 2 0 4.03e-35
74.3 2 0 2.58e-35
74.7 2 0 1.66e-35
75.1 2 0 1.06e-35
75.5 2 0 6.81e-36
75.9 2 0 4.37e-36
76.3 2 0 2.8e-36
76.7 2 0 1.8e-36
77.1 2 0 1.15e-36
77.5 2 0 7.39e-37
77.9 2 0 4.74e-37
78.3 2 0 3.04e-37
78.7 2 0 1.95e-37
79.1 2 0 1.25e-37
79.5 2 0 8e-38
79.9 2 0 5.12e-38
80.3 2 0 3.29e-38
80.7 2 0 2.11e-38
81.1 2 0 1.35e-38
81.5 2 0 8.67e-39
81.9 2 0 5.56e-39
82.3 2 0 3.56e-39
82.7 2 0 2.28e-39
83.1 2 0 1.47e-39
83.5 2 0 9.4e-40
83.9 2 0 6.02e-40
84.3 2 0 3.87e-40
84.7 2 0 2.47e-40
85.1 2 0 1.59e-40
85.5 2 0 1.02e-40
85.9 2 0 6.52e-41
86.3 2 0 4.18e-41
86.7 2 0 2.68e-41
87.1 2 0 1.72e-41
87.5 2 0 1.1e-41
87.9 2 0 7.07e-42
88.3 2 0 4.53e-42
88.7 2 0 2.91e-42
89.1 2 0 1.87e-42
89.5 2 0 1.2e-42
89.9 2 0 7.67e-43
90.3 2 0 4.92e-43
90.7 2 0 3.15e-43
91.1 2 0 2.02e-43
91.5 2 0 1.3e-43
91.9 2 0 8.31e-44
92.3 2 0 5.33e-44
92.7 2 0 3.42e-44
93.1 2 0 2.19e-44
93.5 2 0 1.4e-44
93.9 2 0 9e-45
94.3 2 0 5.77e-45
94.7 2 0 3.7e-45
95.1 2 0 2.37e-45
95.5 2 0 1.52e-45
95.9 2 0 9.75e-46
96.3 2 0 6.26e-46
96.7 2 0 4.01e-46
97.1 2 0 2.57e-46
97.5 2 0 1.65e-46
97.9 2 0 1.06e-46
98.3 2 0 6.79e-47
98.7 2 0 4.35e-47
99.1 2 0 2.75e-47
99.5 2 0 1.73e-47
99.9 2 0 1.37e-47
