-15 0.0375 0.179 1 0.0105 3.43
-14.6 0.0418 0.197 1 0.0218 6.51
-14.2 0.0466 0.216 1 0.0234 5.82
-13.8 0.0519 0.235 1 0.025 5.2
-13.4 0.0578 0.255 1 0.0267 4.64
-13 0.0643 0.276 1 0.0285 4.14
-12.6 0.0715 0.298 1 0.0305 3.72
-12.2 0.0795 0.321 1 0.0325 3.33
-11.8 0.0883 0.347 1 0.0344 2.96
-11.4 0.0979 0.374 1 0.0374 2.69
-11 0.109 0.402 1 0.0386 2.35
-10.6 0.12 0.433 1 0.0405 2.07
-10.2 0.133 0.465 1 0.0441 1.91
-9.8 0.147 0.499 1 0.0473 1.73
-9.4 0.163 0.535 0.944 0.0503 1.56
-9 0.18 0.571 0.936 0.0516 1.36
-8.6 0.198 0.61 0.929 0.0543 1.21
-8.2 0.218 0.649 0.921 0.0581 1.1
-7.8 0.24 0.69 0.913 0.0603 0.981
-7.4 0.263 0.731 0.903 0.0624 0.868
-7 0.288 0.776 0.893 0.0656 0.785
-6.6 0.315 0.822 0.882 0.0686 0.707
-6.2 0.344 0.869 0.87 0.0702 0.626
-5.8 0.374 0.914 0.857 0.0728 0.562
-5.4 0.407 0.958 0.843 0.0764 0.514
-5 0.442 0.998 0.828 0.0777 0.456
-4.6 0.478 1.03 0.812 0.0788 0.406
-4.2 0.516 1.07 0.795 0.081 0.367
-3.8 0.556 1.09 0.776 0.0831 0.332
-3.4 0.598 1.11 0.758 0.0841 0.298
-3 0.641 1.12 0.738 0.085 0.268
-2.6 0.686 1.13 0.704 0.0833 0.193
2.9 1.35 1.12 0.354 0.0703 0.0918
3.3 1.39 1.11 0.33 0.0597 0.0518
3.7 1.43 1.1 0.305 0.0592 0.0489
4.1 1.47 1.07 0.282 0.0586 0.0463
4.5 1.51 1.04 0.26 0.0581 0.0439
4.9 1.55 1.01 0.24 0.0505 0.0367
5.3 1.58 0.969 0.22 0.05 0.0348
5.7 1.62 0.926 0.202 0.0497 0.0336
6.1 1.65 0.88 0.185 0.0423 0.0276
6.5 1.68 0.834 0.169 0.0421 0.0266
6.9 1.71 0.787 0.154 0.0349 0.0215
7.3 1.73 0.742 0.14 0.0278 0.0167
7.7 1.75 0.7 0.127 0.0345 0.0203
8.1 1.78 0.659 0.116 0.0344 0.0198
8.5 1.8 0.619 0.105 0.0274 0.0154
8.9 1.82 0.581 0.0948 0.0205 0.0114
9.3 1.83 0.544 0.0858 0.0204 0.0111
9.7 1.85 0.508 0.0775 0.0204 0.011
10.1 1.86 0.473 0.0699 0.0203 0.0108
10.5 1.88 0.441 0.0631 0.0203 0.0107
10.9 1.89 0.409 0.0568 0.0135 0.007
11.3 1.9 0.38 0.0512 0.0135 0.00693
11.7 1.91 0.352 0.0461 0.0134 0.00685
12.1 1.92 0.326 0.0415 0.0134 0.00678
12.5 1.93 0.301 0.0373 0.0067 0.00337
12.9 1.93 0.278 0.0335 0.00669 0.00334
13.3 1.94 0.256 0.0301 0.0134 0.00664
13.7 1.95 0.236 0.0271 0.00668 0.0033
14.1 1.95 0.217 0.0243 0.00666 0.00327
14.5 1.96 0.2 0.0218 0.00666 0.00327
14.9 1.96 0.183 0.0196 0.00665 0.00324
15.3 1.97 0.168 0.0176 0.00665 0.00324
15.7 1.97 0.154 0.0157 0 0
16.1 1.97 0.141 0.0141 0.00664 0.0032
16.5 1.98 0.13 0.0126 0.00664 0.0032
16.9 1.98 0.119 0.0113 0 0
17.3 1.98 0.109 0.0101 0 0
17.7 1.98 0.0992 0.00909 0 0
18.1 1.98 0.0907 0.00815 0.00663 0.00317
18.5 1.99 0.0828 0.0073 0.00663 0.00317
18.9 1.99 0.0756 0.00653 0 0
19.3 1.99 0.069 0.00585 0 0
19.7 1.99 0.0629 0.00524 0 0
20.1 1.99 0.0574 0.00469 0 0
20.5 1.99 0.0523 0.0042 0 0
20.9 1.99 0.0476 0.00376 0 0
21.3 1.99 0.0434 0.00337 0 0
21.7 1.99 0.0395 0.00301 0.00662 0.00314
22.1 2 0.0359 0.0027 0.00662 0.00314
22.5 2 0.0327 0.00241 0 0
22.9 2 0.0297 0.00216 0 0
23.3 2 0.027 0.00193 0 0
23.7 2 0.0246 0.00173 0 0
24.1 2 0.0223 0.00155 0 0
24.5 2 0.0203 0.00139 0 0
24.9 2 0.0184 0.00124 0 0
25.3 2 0.0167 0.00111 0 0
25.7 2 0.0152 0.000993 0 0
26.1 2 0.0138 0.000889 0 0
26.5 2 0.0125 0.000797 0 0
26.9 2 0.0114 0.000714 0 0
27.3 2 0.0103 0.000639 0 0
27.7 2 0.00935 0.000571 0 0
28.1 2 0.00848 0.000511 0 0
28.5 2 0.00769 0.000457 0 0
28.9 2 0.00697 0.000409 0 0
29.3 2 0.00632 0.000366 0 0
29.7 2 0.00572 0.000328 0 0
30.1 2 0.00518 0.000293 0 0
30.5 2 0.0047 0.000262 0 0
30.9 2 0.00426 0.000235 0 0
31.3 2 0.00386 0.00021 0 0
31.7 2 0.00349 0.000188 0 0
32.1 2 0.00316 0.000168 0 0
32.5 2 0.00286 0.000151 0 0
32.9 2 0.00259 0.000135 0 0
33.3 2 0.00235 0.000121 0 0
33.7 2 0.00212 0.000108 0 0
34.1 2 0.00192 9.66e-05 0 0
34.5 2 0.00174 8.64e-05 0 0
34.9 2 0.00157 7.73e-05 0 0
35.3 2 0.00142 6.91e-05 0 0
35.7 2 0.00129 6.19e-05 0 0
36.1 2 0.00116 5.54e-05 0 0
36.5 2 0.00105 4.96e-05 0 0
36.9 2 0.00095 4.44e-05 0 0
37.3 2 0.000859 3.97e-05 0 0
37.7 2 0.000776 3.55e-05 0 0
38.1 2 0.000702 3.18e-05 0 0
38.5 2 0.000634 2.84e-05 0 0
38.9 2 0.000573 2.55e-05 0 0
39.3 2 0.000517 2.28e-05 0 0
39.7 2 0.000467 2.04e-05 0 0
40.1 2 0.000423 1.82e-05 0 0
40.5 2 0.000382 1.63e-05 0 0
40.9 2 0.000345 1.46e-05 0 0
41.3 2 0.000311 1.31e-05 0 0
41.7 2 0.000281 1.17e-05 0 0
42.1 2 0.000254 1.05e-05 0 0
42.5 2 0.000229 9.36e-06 0 0
42.9 2 0.000207 8.38e-06 0 0
43.3 2 0.000187 7.5e-06 0 0
43.7 2 0.000169 6.71e-06 0 0
44.1 2 0.000152 6.01e-06 0 0
44.5 2 0.000137 5.38e-06 0 0
44.9 2 0.000124 4.81e-06 0 0
45.3 2 0.000112 4.3e-06 0 0
45.7 2 0.000101 3.85e-06 0 0
46.1 2 9.11e-05 3.45e-06 0 0
46.5 2 8.22e-05 3.08e-06 0 0
46.9 2 7.42e-05 2.76e-06 0 0
47.3 2 6.69e-05 2.47e-06 0 0
47.7 2 6.03e-05 2.21e-06 0 0
48.1 2 5.44e-05 1.98e-06 0 0
48.5 2 4.91e-05 1.77e-06 0 0
48.9 2 4.43e-05 1.58e-06 0 0
49.3 2 3.99e-05 1.42e-06 0 0
49.7 2 3.6e-05 1.27e-06 0 0
50.1 2 3.25e-05 1.14e-06 0 0
50.5 2 2.93e-05 1.02e-06 0 0
50.9 2 2.64e-05 9.09e-07 0 0
51.3 2 2.38e-05 8.13e-07 0 0
51.7 2 2.15e-05 7.28e-07 0 0
52.1 2 1.93e-05 6.51e-07 0 0
52.5 2 1.74e-05 5.82e-07 0 0
52.9 2 1.57e-05 5.2e-07 0 0
53.3 2 1.42e-05 4.66e-07 0 0
53.7 2 1.28e-05 4.17e-07 0 0
54.1 2 1.15e-05 3.73e-07 0 0
54.5 2 1.04e-05 3.34e-07 0 0
54.9 2 9.35e-06 2.99e-07 0 0
55.3 2 8.42e-06 2.68e-07 0 0
55.7 2 7.59e-06 2.39e-07 0 0
56.1 2 6.84e-06 2.14e-07 0 0
56.5 2 6.16e-06 1.92e-07 0 0
56.9 2 5.55e-06 1.72e-07 0 0
57.3 2 5e-06 1.54e-07 0 0
57.7 2 4.5e-06 1.37e-07 0 0
58.1 2 4.06e-06 1.23e-07 0 0
58.5 2 3.65e-06 1.1e-07 0 0
58.9 2 3.29e-06 9.84e-08 0 0
59.3 2 2.97e-06 8.8e-08 0 0
59.7 2 2.67e-06 7.88e-08 0 0
60.1 2 2.4e-06 7.05e-08 0 0
60.5 2 2.17e-06 6.31e-08 0 0
60.9 2 1.95e-06 5.65e-08 0 0
61.3 2 1.76e-06 5.05e-08 0 0
61.7 2 1.58e-06 4.52e-08 0 0
62.1 2 1.42e-06 4.05e-08 0 0
62.5 2 1.28e-06 3.62e-08 0 0
62.9 2 1.15e-06 3.24e-08 0 0
63.3 2 1.04e-06 2.9e-08 0 0
63.7 2 9.36e-07 2.59e-08 0 0
64.1 2 8.42e-07 2.32e-08 0 0
64.5 2 7.59e-07 2.08e-08 0 0
64.9 2 6.83e-07 1.86e-08 0 0
65.3 2 6.15e-07 1.66e-08 0 0
65.7 2 5.53e-07 1.49e-08 0 0
66.1 2 4.98e-07 1.33e-08 0 0
66.5 2 4.48e-07 1.19e-08 0 0
66.9 2 4.04e-07 1.07e-08 0 0
67.3 2 3.63e-07 9.55e-09 0 0
67.7 2 3.27e-07 8.55e-09 0 0
68.1 2 2.94e-07 7.65e-09 0 0
68.5 2 2.65e-07 6.84e-09 0 0
68.9 2 2.38e-07 6.13e-09 0 0
69.3 2 2.14e-07 5.48e-09 0 0
69.7 2 1.93e-07 4.91e-09 0 0
70.1 2 1.74e-07 4.39e-09 0 0
70.5 2 1.56e-07 3.92e-09 0 0
70.9 2 1.41e-07 3.51e-09 0 0
71.3 2 1.26e-07 3.14e-09 0 0
71.7 2 1.14e-07 2.81e-09 0 0
72.1 2 1.02e-07 2.52e-09 0 0
72.5 2 9.2e-08 2.25e-09 0 0
72.9 2 8.28e-08 2.01e-09 0 0
73.3 2 7.45e-08 1.8e-09 0 0
73.7 2 6.7e-08 1.61e-09 0 0
74.1 2 6.03e-08 1.44e-09 0 0
74.5 2 5.43e-08 1.29e-09 0 0
74.9 2 4.88e-08 1.16e-09 0 0
75.3 2 4.39e-08 1.03e-09 0 0
75.7 2 3.95e-08 9.26e-10 0 0
76.1 2 3.55e-08 8.28e-10 0 0
76.5 2 3.19e-08 7.41e-10 0 0
76.9 2 2.87e-08 6.63e-10 0 0
77.3 2 2.58e-08 5.92e-10 0 0
77.7 2 2.32e-08 5.3e-10 0 0
78.1 2 2.09e-08 4.75e-10 0 0
78.5 2 1.88e-08 4.25e-10 0 0
78.9 2 1.69e-08 3.81e-10 0 0
79.3 2 1.52e-08 3.4e-10 0 0
79.7 2 1.36e-08 3.05e-10 0 0
80.1 2 1.23e-08 2.73e-10 0 0
80.5 2 1.1e-08 2.44e-10 0 0
80.9 2 9.92e-09 2.18e-10 0 0
81.3 2 8.92e-09 1.95e-10 0 0
81.7 2 8.02e-09 1.75e-10 0 0
82.1 2 7.21e-09 1.56e-10 0 0
82.5 2 6.49e-09 1.4e-10 0 0
82.9 2 5.83e-09 1.25e-10 0 0
83.3 2 5.24e-09 1.12e-10 0 0
83.7 2 4.71e-09 1e-10 0 0
84.1 2 4.23e-09 8.99e-11 0 0
84.5 2 3.8e-09 8.04e-11 0 0
84.9 2 3.42e-09 7.19e-11 0 0
85.3 2 3.08e-09 6.43e-11 0 0
85.7 2 2.77e-09 5.76e-11 0 0
86.1 2 2.49e-09 5.15e-11 0 0
86.5 2 2.24e-09 4.61e-11 0 0
86.9 2 2.01e-09 4.12e-11 0 0
87.3 2 1.81e-09 3.69e-11 0 0
87.7 2 1.62e-09 3.3e-11 0 0
88.1 2 1.46e-09 2.95e-11 0 0
88.5 2 1.31e-09 2.64e-11 0 0
88.9 2 1.18e-09 2.37e-11 0 0
89.3 2 1.06e-09 2.12e-11 0 0
89.7 2 9.45e-10 1.9e-11 0 0
90.1 2 8.52e-10 1.7e-11 0 0
90.5 2 7.69e-10 1.52e-11 0 0
90.9 2 6.92e-10 1.36e-11 0 0
91.3 2 6.18e-10 1.21e-11 0 0
91.7 2 5.58e-10 1.09e-11 0 0
92.1 2 5.04e-10 9.73e-12 0 0
92.5 2 4.55e-10 8.7e-12 0 0
92.9 2 4.12e-10 7.78e-12 0 0
93.3 2 3.73e-10 6.96e-12 0 0
93.7 2 3.36e-10 6.24e-12 0 0
94.1 2 3.03e-10 5.59e-12 0 0
94.5 2 2.75e-10 5e-12 0 0
94.9 2 2.47e-10 4.47e-12 0 0
95.3 2 2.2e-10 4e-12 0 0
95.7 2 1.95e-10 3.58e-12 0 0
96.1 2 1.79e-10 3.2e-12 0 0
96.5 2 1.64e-10 2.86e-12 0 0
96.9 2 1.54e-10 2.56e-12 0 0
97.3 2 1.45e-10 2.29e-12 0 0
97.7 2 1.42e-10 2.05e-12 0 0
98.1 2 1.39e-10 1.84e-12 0 0
98.5 2 1.37e-10 1.65e-12 0 0
98.9 2 1.37e-10 1.45e-12 0 0
99.4 2 1.45e-10 1.26e-12 0 0
99.9 2 1.55e-10 1.18e-12 0 0
