-15 0.21 0.659 1 0.0139
-14.6 0.22 0.681 1 0.029
-14.2 0.231 0.703 1 0.0299
-13.8 0.242 0.725 1 0.0307
-13.4 0.254 0.747 1 0.0316
-13 0.266 0.769 1 0.0311
-12.6 0.278 0.791 1 0.0319
-12.2 0.291 0.814 1 0.0339
-11.8 0.305 0.836 1 0.0334
-11.4 0.318 0.859 1 0.0342
-11 0.333 0.881 0.902 0.0349
-10.6 0.347 0.904 0.896 0.0355
-10.2 0.363 0.926 0.891 0.0362
-9.8 0.378 0.949 0.885 0.0357
-9.4 0.394 0.972 0.88 0.0375
-9 0.411 0.997 0.874 0.0381
-8.6 0.428 1.02 0.867 0.0376
-8.2 0.445 1.04 0.86 0.0382
-7.8 0.463 1.07 0.853 0.0398
-7.4 0.482 1.09 0.845 0.0393
-7 0.5 1.11 0.838 0.0399
-6.6 0.52 1.12 0.829 0.0404
-6.2 0.539 1.14 0.821 0.0399
-5.8 0.559 1.15 0.813 0.0405
-5.4 0.579 1.15 0.806 0.041
-5 0.6 1.16 0.791 0.0402
9.1 1.41 1.16 0.337 0.0342
9.5 1.43 1.15 0.325 0.0296
9.9 1.45 1.14 0.312 0.0295
10.3 1.47 1.13 0.3 0.0293
10.7 1.49 1.12 0.288 0.0219
11.1 1.5 1.1 0.277 0.0218
11.5 1.52 1.08 0.265 0.029
11.9 1.54 1.06 0.254 0.0289
12.3 1.56 1.04 0.244 0.0287
12.7 1.58 1.01 0.233 0.0215
13.1 1.59 0.99 0.223 0.0214
13.5 1.61 0.966 0.214 0.0284
13.9 1.63 0.943 0.204 0.0213
14.3 1.64 0.921 0.195 0.0212
14.7 1.66 0.898 0.186 0.0211
15.1 1.67 0.875 0.178 0.0211
15.5 1.69 0.853 0.17 0.021
15.9 1.7 0.83 0.162 0.014
16.3 1.71 0.808 0.154 0.0209
16.7 1.73 0.785 0.147 0.0208
17.1 1.74 0.763 0.14 0.0139
17.5 1.75 0.741 0.133 0.0138
17.9 1.76 0.719 0.127 0.0138
18.3 1.77 0.697 0.121 0.0138
18.7 1.78 0.675 0.115 0.0138
19.1 1.79 0.654 0.109 0.0137
19.5 1.8 0.633 0.104 0.0137
19.9 1.81 0.612 0.0983 0.0137
20.3 1.82 0.592 0.0934 0.0137
20.7 1.83 0.572 0.0887 0.0136
21.1 1.84 0.553 0.0843 0.0136
21.5 1.85 0.534 0.08 0.00679
21.9 1.85 0.515 0.0759 0.00678
22.3 1.86 0.497 0.072 0.0136
22.7 1.87 0.479 0.0683 0.00677
23.1 1.87 0.462 0.0647 0.00676
23.5 1.88 0.445 0.0613 0.0135
23.9 1.89 0.428 0.0582 0.00675
24.3 1.89 0.412 0.0551 0.00673
24.7 1.9 0.396 0.0522 0.00673
25.1 1.9 0.381 0.0495 0.00672
25.5 1.91 0.366 0.0469 0.00672
25.9 1.91 0.352 0.0444 0.00671
26.3 1.92 0.338 0.042 0.00671
26.7 1.92 0.325 0.0398 0.0067
27.1 1.93 0.312 0.0377 0.0067
27.5 1.93 0.299 0.0356 0
27.9 1.93 0.287 0.0337 0.00669
28.3 1.94 0.276 0.0319 0.00669
28.7 1.94 0.264 0.0302 0
29.1 1.94 0.253 0.0286 0.00668
29.5 1.95 0.243 0.027 0.00668
29.9 1.95 0.233 0.0256 0
30.3 1.95 0.223 0.0242 0
30.7 1.95 0.213 0.0229 0.00666
31.1 1.96 0.204 0.0216 0.00666
31.5 1.96 0.196 0.0205 0
31.9 1.96 0.187 0.0193 0
32.3 1.96 0.179 0.0183 0.00665
32.7 1.97 0.171 0.0173 0.00665
33.1 1.97 0.164 0.0163 0
33.5 1.97 0.157 0.0155 0
33.9 1.97 0.15 0.0146 0
34.3 1.97 0.143 0.0138 0
34.7 1.97 0.137 0.0131 0.00664
35.1 1.98 0.131 0.0123 0.00664
35.5 1.98 0.125 0.0117 0
35.9 1.98 0.119 0.011 0
36.3 1.98 0.114 0.0104 0
36.7 1.98 0.109 0.00984 0
37.1 1.98 0.106 0.0093 0
37.5 1.98 0.103 0.00879 0
37.9 1.98 0.0984 0.0083 0.00663
38.3 1.99 0.0936 0.00784 0.00663
38.7 1.99 0.0882 0.00741 0
39.1 1.99 0.0823 0.007 0
39.5 1.99 0.0761 0.00662 0
39.9 1.99 0.0695 0.00626 0
40.3 1.99 0.0629 0.00592 0
40.7 1.99 0.0562 0.00559 0
41.1 1.99 0.0495 0.00559 0
41.5 1.99 0.043 0.00437 0.000178
56.4 2 0.0367 0.00248 0.000178
56.8 2 0.0307 0.000816 0
57.2 2 0.0251 0.000193 0
57.6 2 0.0199 0.000502 0
58 2 0.0152 0.000474 0
58.4 2 0.0112 0.000448 0
58.8 2 0.00775 0.000423 0
59.2 2 0.00505 0.000399 0
59.6 2 0.00311 0.000377 0
60 2 0.00199 0.000356 0
60.4 2 0.00175 0.000337 0
60.8 2 0.00243 0.000318 0
61.2 2 0.00409 0.0003 0
61.6 2 0.00516 0.000283 0
62 2 0.00491 0.000268 0
62.4 2 0.00466 0.000253 0
62.8 2 0.00443 0.000239 0
63.2 2 0.00421 0.000226 0
63.6 2 0.004 0.000213 0
64 2 0.0038 0.000201 0
64.4 2 0.00361 0.00019 0
64.8 2 0.00343 0.00018 0
65.2 2 0.00326 0.00017 0
65.6 2 0.0031 0.00016 0
66 2 0.00294 0.000151 0
66.4 2 0.0028 0.000143 0
66.8 2 0.00266 0.000135 0
67.2 2 0.00252 0.000127 0
67.6 2 0.0024 0.00012 0
68 2 0.00228 0.000114 0
68.4 2 0.00216 0.000107 0
68.8 2 0.00205 0.000101 0
69.2 2 0.00195 9.58e-05 0
69.6 2 0.00185 9.04e-05 0
70 2 0.00176 8.54e-05 0
70.4 2 0.00167 8.06e-05 0
70.8 2 0.00159 7.62e-05 0
71.2 2 0.00151 7.2e-05 0
71.6 2 0.00143 6.8e-05 0
72 2 0.00136 6.42e-05 0
72.4 2 0.00129 6.07e-05 0
72.8 2 0.00123 5.73e-05 0
73.2 2 0.00116 5.41e-05 0
73.6 2 0.00111 5.11e-05 0
74 2 0.00105 4.83e-05 0
74.4 2 0.000996 4.56e-05 0
74.8 2 0.000946 4.3e-05 0
75.2 2 0.000898 4.06e-05 0
75.6 2 0.000852 3.84e-05 0
76 2 0.000809 3.63e-05 0
76.4 2 0.000768 3.43e-05 0
76.8 2 0.000729 3.23e-05 0
77.2 2 0.000692 3.06e-05 0
77.6 2 0.000657 2.89e-05 0
78 2 0.000624 2.73e-05 0
78.4 2 0.000592 2.57e-05 0
78.8 2 0.000562 2.43e-05 0
79.2 2 0.000533 2.3e-05 0
79.6 2 0.000506 2.17e-05 0
80 2 0.00048 2.05e-05 0
80.4 2 0.000456 1.93e-05 0
80.8 2 0.000433 1.83e-05 0
81.2 2 0.000411 1.73e-05 0
81.6 2 0.00039 1.63e-05 0
82 2 0.00037 1.54e-05 0
82.4 2 0.000351 1.45e-05 0
82.8 2 0.000333 1.37e-05 0
83.2 2 0.000316 1.3e-05 0
83.6 2 0.0003 1.22e-05 0
84 2 0.000284 1.16e-05 0
84.4 2 0.00027 1.09e-05 0
84.8 2 0.000256 1.03e-05 0
85.2 2 0.000243 9.73e-06 0
85.6 2 0.000231 9.2e-06 0
86 2 0.000219 8.69e-06 0
86.4 2 0.000208 8.21e-06 0
86.8 2 0.000197 7.76e-06 0
87.2 2 0.000187 7.31e-06 0
87.6 2 0.000177 6.9e-06 0
88 2 0.000168 6.52e-06 0
88.4 2 0.000159 6.17e-06 0
88.8 2 0.000151 5.82e-06 0
89.2 2 0.000143 5.5e-06 0
89.6 2 0.000136 5.19e-06 0
90 2 0.000129 4.9e-06 0
90.4 2 0.000122 4.63e-06 0
90.8 2 0.000116 4.38e-06 0
91.2 2 0.00011 4.13e-06 0
91.6 2 0.000105 3.91e-06 0
92 2 9.91e-05 3.69e-06 0
92.4 2 9.4e-05 3.48e-06 0
92.8 2 8.92e-05 3.29e-06 0
93.2 2 8.46e-05 3.11e-06 0
93.6 2 8.02e-05 2.93e-06 0
94 2 7.61e-05 2.77e-06 0
94.4 2 7.22e-05 2.62e-06 0
94.8 2 6.84e-05 2.47e-06 0
95.2 2 6.48e-05 2.33e-06 0
95.6 2 6.12e-05 2.2e-06 0
96 2 5.78e-05 2.08e-06 0
96.4 2 5.45e-05 1.97e-06 0
96.8 2 5.14e-05 1.86e-06 0
97.2 2 4.86e-05 1.75e-06 0
97.6 2 4.6e-05 1.66e-06 0
98 2 4.39e-05 1.56e-06 0
98.4 2 4.21e-05 1.48e-06 0
98.8 2 4.07e-05 1.4e-06 0
99.2 2 3.97e-05 1.31e-06 0
99.6 2 3.92e-05 1.24e-06 0
