-15 0.207 0.652 1 0.014 0.278
-14.6 0.217 0.673 1 0.0277 0.532
-14.2 0.227 0.695 1 0.0287 0.508
-13.8 0.238 0.716 1 0.0296 0.487
-13.4 0.249 0.737 1 0.0305 0.463
-13 0.261 0.759 1 0.0313 0.441
-12.6 0.273 0.78 1 0.0308 0.403
-12.2 0.285 0.802 1 0.0316 0.384
-11.8 0.298 0.823 1 0.0324 0.367
-11.4 0.311 0.845 1 0.0332 0.348
-11 0.325 0.867 1 0.0339 0.332
-10.6 0.339 0.889 1 0.0346 0.315
-10.2 0.354 0.911 1 0.0353 0.3
-9.8 0.369 0.932 1 0.0349 0.276
-9.4 0.384 0.954 1 0.0355 0.263
-9 0.4 0.975 1 0.0362 0.25
-8.6 0.416 0.998 1 0.0357 0.231
-8.2 0.432 1.02 0.892 0.0364 0.221
-7.8 0.449 1.04 0.886 0.037 0.211
-7.4 0.466 1.07 0.88 0.0376 0.201
-7 0.484 1.09 0.874 0.0382 0.192
-6.6 0.502 1.1 0.867 0.0378 0.179
-6.2 0.52 1.12 0.86 0.0383 0.171
-5.8 0.539 1.13 0.852 0.0379 0.16
-5.4 0.557 1.15 0.845 0.0385 0.153
-5 0.577 1.15 0.839 0.0391 0.147
-4.6 0.596 1.16 0.831 0.0369 0.101
10.3 1.39 1.16 0.359 0.0329 0.0449
10.7 1.41 1.16 0.35 0.0297 0.0252
11.1 1.43 1.15 0.337 0.0296 0.0245
11.5 1.45 1.14 0.323 0.0295 0.0238
11.9 1.47 1.13 0.311 0.022 0.0175
12.3 1.48 1.12 0.299 0.0219 0.017
12.7 1.5 1.1 0.287 0.0291 0.0222
13.1 1.52 1.08 0.276 0.029 0.0216
13.5 1.54 1.06 0.265 0.0289 0.0211
13.9 1.56 1.04 0.254 0.0216 0.0155
14.3 1.57 1.02 0.243 0.0215 0.0151
14.7 1.59 0.992 0.233 0.0214 0.0149
15.1 1.6 0.97 0.223 0.0214 0.0146
15.5 1.62 0.948 0.213 0.0284 0.0191
15.9 1.64 0.927 0.204 0.0212 0.014
16.3 1.65 0.905 0.195 0.0141 0.00918
16.7 1.66 0.883 0.186 0.0211 0.0135
17.1 1.68 0.862 0.178 0.0211 0.0134
17.5 1.69 0.84 0.169 0.021 0.0131
17.9 1.71 0.818 0.161 0.0209 0.0129
18.3 1.72 0.796 0.154 0.0139 0.00845
18.7 1.73 0.774 0.147 0.0139 0.00835
19.1 1.74 0.752 0.14 0.0139 0.00826
19.5 1.75 0.731 0.133 0.0138 0.00816
19.9 1.76 0.71 0.127 0.0207 0.012
20.3 1.78 0.688 0.12 0.0206 0.0119
20.7 1.79 0.667 0.115 0.0137 0.0078
21.1 1.8 0.647 0.109 0.0137 0.00772
21.5 1.81 0.626 0.103 0.00684 0.00384
21.9 1.81 0.606 0.0982 0.00683 0.00379
22.3 1.82 0.586 0.0933 0.0137 0.00755
22.7 1.83 0.567 0.0886 0.0136 0.00747
23.1 1.84 0.548 0.0842 0.0136 0.00738
23.5 1.85 0.529 0.0799 0.0136 0.0073
23.9 1.86 0.511 0.0758 0.00678 0.00363
24.3 1.86 0.493 0.0719 0.00677 0.00359
24.7 1.87 0.475 0.0682 0.0135 0.00715
25.1 1.88 0.458 0.0646 0.00676 0.00356
25.5 1.88 0.442 0.0613 0.00675 0.00352
25.9 1.89 0.425 0.0581 0.00675 0.00352
26.3 1.89 0.409 0.0551 0.00673 0.00348
26.7 1.9 0.394 0.0522 0.00673 0.00348
27.1 1.9 0.379 0.0494 0.00672 0.00344
27.5 1.91 0.364 0.0468 0.00672 0.00344
27.9 1.91 0.35 0.0444 0.00671 0.00341
28.3 1.92 0.337 0.042 0.00671 0.00341
28.7 1.92 0.323 0.0398 0.0067 0.00337
29.1 1.93 0.311 0.0376 0.0067 0.00337
29.5 1.93 0.298 0.0356 0 0
29.9 1.93 0.286 0.0337 0.00669 0.00334
30.3 1.94 0.274 0.0319 0.00669 0.00334
30.7 1.94 0.263 0.0302 0 0
31.1 1.94 0.252 0.0286 0.00668 0.0033
31.5 1.95 0.242 0.027 0.00668 0.0033
31.9 1.95 0.232 0.0256 0 0
32.3 1.95 0.222 0.0242 0 0
32.7 1.95 0.213 0.0229 0.00666 0.00327
33.1 1.96 0.204 0.0216 0.00666 0.00327
33.5 1.96 0.195 0.0205 0 0
33.9 1.96 0.187 0.0193 0 0
34.3 1.96 0.179 0.0183 0.00665 0.00324
34.7 1.97 0.171 0.0173 0.00665 0.00324
35.1 1.97 0.164 0.0163 0 0
35.5 1.97 0.156 0.0155 0 0
35.9 1.97 0.15 0.0146 0 0
36.3 1.97 0.143 0.0138 0 0
36.7 1.97 0.137 0.0131 0.00664 0.0032
37.1 1.98 0.131 0.0123 0.00664 0.0032
37.5 1.98 0.125 0.0117 0 0
37.9 1.98 0.119 0.011 0 0
38.3 1.98 0.114 0.0104 0 0
38.7 1.98 0.109 0.00984 0 0
39.1 1.98 0.104 0.0093 0 0
39.5 1.98 0.0992 0.00879 0 0
39.9 1.98 0.0947 0.0083 0.00663 0.00317
40.3 1.99 0.0904 0.00784 0.00663 0.00317
40.7 1.99 0.0863 0.00741 0 0
41.1 1.99 0.0823 0.007 0 0
41.5 1.99 0.0785 0.00662 0 0
41.9 1.99 0.0749 0.00626 0 0
42.3 1.99 0.0715 0.00591 0 0
42.7 1.99 0.0682 0.00558 0 0
43.1 1.99 0.065 0.00527 0 0
43.5 1.99 0.062 0.00498 0 0
43.9 1.99 0.0591 0.00471 0 0
44.3 1.99 0.0564 0.00445 0 0
44.7 1.99 0.0537 0.00421 0 0
45.1 1.99 0.0512 0.00397 0 0
45.5 1.99 0.0496 0.00376 0 0
45.9 1.99 0.0478 0.00355 0 0
46.3 1.99 0.0456 0.00335 0 0
46.7 1.99 0.0433 0.00316 0 0
47.1 1.99 0.0408 0.00299 0 0
47.5 1.99 0.0381 0.00282 0 0
47.9 1.99 0.0354 0.00267 0 0
48.3 1.99 0.0326 0.00252 0.00662 0.00314
48.7 2 0.0297 0.00238 0.00662 0.00314
49.1 2 0.0269 0.00224 0 0
49.5 2 0.0242 0.00218 0 0
49.9 2 0.0215 0.00168 0 0
58.5 2 0.0189 0.00105 0 0
58.9 2 0.0165 0.000547 0 0
59.3 2 0.0142 0.000449 0 0
59.7 2 0.0121 0.000494 0 0
60.1 2 0.0102 0.000467 0 0
60.5 2 0.00857 0.000441 0 0
60.9 2 0.00717 0.000417 0 0
61.3 2 0.00603 0.000394 0 0
61.7 2 0.00519 0.000372 0 0
62.1 2 0.00466 0.000351 0 0
62.5 2 0.00446 0.000332 0 0
62.9 2 0.00461 0.000313 0 0
63.3 2 0.00511 0.000296 0 0
63.7 2 0.0051 0.000279 0 0
64.1 2 0.00484 0.000264 0 0
64.5 2 0.0046 0.000249 0 0
64.9 2 0.00437 0.000236 0 0
65.3 2 0.00416 0.000222 0 0
65.7 2 0.00395 0.00021 0 0
66.1 2 0.00375 0.000198 0 0
66.5 2 0.00357 0.000187 0 0
66.9 2 0.00339 0.000177 0 0
67.3 2 0.00322 0.000167 0 0
67.7 2 0.00306 0.000158 0 0
68.1 2 0.00291 0.000149 0 0
68.5 2 0.00276 0.000141 0 0
68.9 2 0.00262 0.000133 0 0
69.3 2 0.00249 0.000126 0 0
69.7 2 0.00237 0.000119 0 0
70.1 2 0.00225 0.000112 0 0
70.5 2 0.00214 0.000106 0 0
70.9 2 0.00203 0.0001 0 0
71.3 2 0.00193 9.44e-05 0 0
71.7 2 0.00183 8.91e-05 0 0
72.1 2 0.00174 8.42e-05 0 0
72.5 2 0.00165 7.95e-05 0 0
72.9 2 0.00157 7.51e-05 0 0
73.3 2 0.00149 7.09e-05 0 0
73.7 2 0.00141 6.7e-05 0 0
74.1 2 0.00134 6.33e-05 0 0
74.5 2 0.00127 5.98e-05 0 0
74.9 2 0.00121 5.65e-05 0 0
75.3 2 0.00115 5.34e-05 0 0
75.7 2 0.00109 5.04e-05 0 0
76.1 2 0.00104 4.76e-05 0 0
76.5 2 0.000983 4.49e-05 0 0
76.9 2 0.000934 4.24e-05 0 0
77.3 2 0.000886 4.01e-05 0 0
77.7 2 0.000841 3.78e-05 0 0
78.1 2 0.000799 3.57e-05 0 0
78.5 2 0.000758 3.38e-05 0 0
78.9 2 0.00072 3.19e-05 0 0
79.3 2 0.000683 3.01e-05 0 0
79.7 2 0.000649 2.84e-05 0 0
80.1 2 0.000616 2.69e-05 0 0
80.5 2 0.000584 2.54e-05 0 0
80.9 2 0.000555 2.4e-05 0 0
81.3 2 0.000526 2.26e-05 0 0
81.7 2 0.0005 2.14e-05 0 0
82.1 2 0.000474 2.02e-05 0 0
82.5 2 0.00045 1.91e-05 0 0
82.9 2 0.000427 1.8e-05 0 0
83.3 2 0.000405 1.7e-05 0 0
83.7 2 0.000385 1.61e-05 0 0
84.1 2 0.000365 1.52e-05 0 0
84.5 2 0.000346 1.43e-05 0 0
84.9 2 0.000329 1.35e-05 0 0
85.3 2 0.000312 1.28e-05 0 0
85.7 2 0.000296 1.21e-05 0 0
86.1 2 0.000281 1.14e-05 0 0
86.5 2 0.000266 1.08e-05 0 0
86.9 2 0.000253 1.02e-05 0 0
87.3 2 0.00024 9.6e-06 0 0
87.7 2 0.000228 9.07e-06 0 0
88.1 2 0.000216 8.56e-06 0 0
88.5 2 0.000205 8.1e-06 0 0
88.9 2 0.000194 7.65e-06 0 0
89.3 2 0.000184 7.21e-06 0 0
89.7 2 0.000175 6.81e-06 0 0
90.1 2 0.000166 6.43e-06 0 0
90.5 2 0.000157 6.08e-06 0 0
90.9 2 0.000149 5.74e-06 0 0
91.3 2 0.000142 5.42e-06 0 0
91.7 2 0.000134 5.12e-06 0 0
92.1 2 0.000127 4.83e-06 0 0
92.5 2 0.000121 4.57e-06 0 0
92.9 2 0.000115 4.32e-06 0 0
93.3 2 0.000109 4.08e-06 0 0
93.7 2 0.000103 3.85e-06 0 0
94.1 2 9.78e-05 3.64e-06 0 0
94.5 2 9.28e-05 3.43e-06 0 0
94.9 2 8.8e-05 3.24e-06 0 0
95.3 2 8.33e-05 3.06e-06 0 0
95.7 2 7.87e-05 2.89e-06 0 0
96.1 2 7.42e-05 2.73e-06 0 0
96.5 2 7e-05 2.58e-06 0 0
96.9 2 6.6e-05 2.44e-06 0 0
97.3 2 6.25e-05 2.3e-06 0 0
97.7 2 5.93e-05 2.17e-06 0 0
98.1 2 5.66e-05 2.05e-06 0 0
98.5 2 5.44e-05 1.94e-06 0 0
98.9 2 5.27e-05 1.83e-06 0 0
99.3 2 5.16e-05 1.72e-06 0 0
99.7 2 5.1e-05 1.64e-06 0 0
