-15 0.243 0.72 1 0.0133 0.203
-14.6 0.253 0.737 1 0.0251 0.373
-14.2 0.262 0.754 1 0.0247 0.345
-13.8 0.272 0.771 1 0.0257 0.338
-13.4 0.282 0.788 1 0.0267 0.329
-13 0.293 0.805 1 0.0264 0.307
-12.6 0.303 0.822 1 0.026 0.285
-12.2 0.314 0.839 1 0.027 0.279
-11.8 0.325 0.856 1 0.0267 0.261
-11.4 0.336 0.872 1 0.0276 0.254
-11 0.348 0.888 1 0.0273 0.238
-10.6 0.359 0.904 1 0.027 0.223
-10.2 0.371 0.92 1 0.0278 0.218
-9.8 0.383 0.935 1 0.0275 0.205
-9.4 0.395 0.95 1 0.0273 0.192
-9 0.407 0.965 1 0.0281 0.188
-8.6 0.42 0.979 1 0.0289 0.184
-8.2 0.433 0.993 1 0.0276 0.167
-7.8 0.445 1.01 1 0.0273 0.158
-7.4 0.458 1.02 1 0.0281 0.155
-7 0.471 1.03 1 0.0278 0.147
-6.6 0.484 1.05 1 0.0286 0.144
-6.2 0.498 1.06 1 0.0284 0.136
-5.8 0.511 1.07 1 0.0271 0.125
-5.4 0.524 1.08 1 0.0279 0.123
-5 0.538 1.09 1 0.0277 0.117
-4.6 0.551 1.1 1 0.0264 0.107
-4.2 0.564 1.11 1 0.0272 0.106
-3.8 0.578 1.12 1 0.027 0.101
-3.4 0.591 1.13 1 0.0268 0.0965
-3 0.605 1.14 1 0.0266 0.0924
-2.6 0.618 1.14 1 0.0254 0.0851
-2.2 0.631 1.15 1 0.0262 0.0847
-1.8 0.645 1.16 1 0.026 0.0813
-1.4 0.658 1.16 1 0.0249 0.0751
-1 0.671 1.17 1 0.0247 0.0722
-0.6 0.684 1.17 1 0.0246 0.0695
-0.2 0.697 1.18 1 0.0244 0.0669
0.2 0.71 1.18 1 0.0243 0.0645
0.6 0.723 1.18 1 0.0241 0.0622
1 0.736 1.19 1 0.024 0.06
1.4 0.749 1.19 1 0.0217 0.0451
18.3 1.24 1.19 0.557 0.0175 0.0237
18.7 1.25 1.19 0.547 0.0232 0.0238
19.1 1.27 1.19 0.534 0.0231 0.0234
19.5 1.28 1.18 0.522 0.0154 0.0153
19.9 1.29 1.18 0.509 0.0229 0.0224
20.3 1.31 1.18 0.497 0.0229 0.022
20.7 1.32 1.17 0.484 0.0152 0.0143
21.1 1.33 1.17 0.471 0.0227 0.021
21.5 1.35 1.16 0.459 0.0226 0.0207
21.9 1.36 1.16 0.447 0.015 0.0135
22.3 1.37 1.15 0.434 0.0225 0.0198
22.7 1.39 1.14 0.422 0.0224 0.0196
23.1 1.4 1.13 0.41 0.0149 0.0128
23.5 1.41 1.13 0.398 0.0223 0.0187
23.9 1.43 1.12 0.386 0.0222 0.0185
24.3 1.44 1.11 0.374 0.0148 0.0121
24.7 1.45 1.1 0.363 0.0221 0.0177
25.1 1.47 1.09 0.352 0.022 0.0175
25.5 1.48 1.08 0.341 0.0146 0.0114
25.9 1.49 1.07 0.33 0.0219 0.0168
26.3 1.51 1.05 0.319 0.0218 0.0166
26.7 1.52 1.04 0.308 0.0145 0.0108
27.1 1.53 1.03 0.298 0.0217 0.0159
27.5 1.55 1.02 0.287 0.0216 0.0157
27.9 1.56 1 0.277 0.0144 0.0103
28.3 1.57 0.99 0.267 0.0143 0.0101
28.7 1.58 0.976 0.258 0.0214 0.0149
29.1 1.6 0.961 0.248 0.0214 0.0147
29.5 1.61 0.946 0.239 0.0142 0.00965
29.9 1.62 0.931 0.23 0.0142 0.00953
30.3 1.63 0.916 0.222 0.0142 0.00941
30.7 1.64 0.9 0.213 0.0212 0.0139
31.1 1.66 0.884 0.205 0.0211 0.0137
31.5 1.67 0.868 0.197 0.014 0.00896
31.9 1.68 0.851 0.189 0.014 0.00886
32.3 1.69 0.835 0.182 0.014 0.00875
32.7 1.7 0.818 0.174 0.014 0.00865
33.1 1.71 0.801 0.167 0.0139 0.00855
33.5 1.72 0.784 0.161 0.0139 0.00845
33.9 1.73 0.767 0.154 0.0139 0.00835
34.3 1.74 0.75 0.148 0.0139 0.00826
34.7 1.75 0.733 0.142 0.0138 0.00816
35.1 1.76 0.716 0.136 0.0138 0.00807
35.5 1.77 0.699 0.13 0.0138 0.00798
35.9 1.78 0.681 0.124 0.0138 0.00789
36.3 1.79 0.664 0.119 0.00687 0.00392
36.7 1.79 0.648 0.114 0.00686 0.00388
37.1 1.8 0.631 0.109 0.0137 0.00772
37.5 1.81 0.614 0.104 0.0137 0.00763
37.9 1.82 0.598 0.0998 0.00683 0.00379
38.3 1.82 0.581 0.0954 0.00682 0.00375
38.7 1.83 0.565 0.0912 0.0136 0.00747
39.1 1.84 0.549 0.0872 0.0136 0.00738
39.5 1.85 0.534 0.0833 0.00679 0.00367
39.9 1.85 0.518 0.0796 0.00678 0.00363
40.3 1.86 0.503 0.076 0.00678 0.00363
40.7 1.86 0.488 0.0726 0.00677 0.00359
41.1 1.87 0.473 0.0693 0.0135 0.00715
41.5 1.88 0.459 0.0662 0.00676 0.00356
41.9 1.88 0.444 0.0632 0.00675 0.00352
42.3 1.89 0.43 0.0603 0.00675 0.00352
42.7 1.89 0.417 0.0576 0.00673 0.00348
43.1 1.9 0.404 0.0549 0.00673 0.00348
43.5 1.9 0.39 0.0524 0 0
43.9 1.9 0.378 0.05 0.00672 0.00344
44.3 1.91 0.365 0.0476 0.00672 0.00344
44.7 1.91 0.353 0.0454 0.00671 0.00341
45.1 1.92 0.341 0.0433 0.00671 0.00341
45.5 1.92 0.33 0.0413 0 0
45.9 1.92 0.319 0.0394 0.0067 0.00337
46.3 1.93 0.308 0.0375 0.0067 0.00337
46.7 1.93 0.297 0.0358 0 0
47.1 1.93 0.287 0.0341 0.00669 0.00334
47.5 1.94 0.277 0.0325 0.00669 0.00334
47.9 1.94 0.267 0.031 0 0
48.3 1.94 0.257 0.0295 0.00668 0.0033
48.7 1.95 0.248 0.0281 0.00668 0.0033
49.1 1.95 0.239 0.0268 0 0
49.5 1.95 0.23 0.0255 0 0
49.9 1.95 0.222 0.0243 0.00666 0.00327
50.3 1.96 0.214 0.0231 0.00666 0.00327
50.7 1.96 0.206 0.022 0 0
51.1 1.96 0.198 0.021 0 0
51.5 1.96 0.191 0.02 0 0
51.9 1.96 0.184 0.019 0 0
52.3 1.96 0.177 0.0181 0.00665 0.00324
52.7 1.97 0.17 0.0172 0.00665 0.00324
53.1 1.97 0.164 0.0164 0 0
53.5 1.97 0.158 0.0156 0 0
53.9 1.97 0.152 0.0149 0 0
54.3 1.97 0.146 0.0142 0 0
54.7 1.97 0.14 0.0135 0 0
55.1 1.97 0.135 0.0129 0.00664 0.0032
55.5 1.98 0.13 0.0122 0.00664 0.0032
55.9 1.98 0.125 0.0116 0 0
56.3 1.98 0.12 0.0111 0 0
56.7 1.98 0.115 0.0105 0 0
57.1 1.98 0.11 0.01 0 0
57.5 1.98 0.106 0.00956 0 0
57.9 1.98 0.102 0.00909 0 0
58.3 1.98 0.0979 0.00864 0 0
58.7 1.98 0.094 0.00822 0.00663 0.00317
59.1 1.99 0.0902 0.00782 0.00663 0.00317
59.5 1.99 0.0866 0.00745 0 0
59.9 1.99 0.0832 0.00709 0 0
60.3 1.99 0.0798 0.00674 0 0
60.7 1.99 0.0766 0.00642 0 0
61.1 1.99 0.0735 0.00611 0 0
61.5 1.99 0.0706 0.00581 0 0
61.9 1.99 0.0677 0.00553 0 0
62.3 1.99 0.065 0.00526 0 0
62.7 1.99 0.0623 0.00501 0 0
63.1 1.99 0.0598 0.00477 0 0
63.5 1.99 0.0573 0.00454 0 0
63.9 1.99 0.055 0.00432 0 0
64.3 1.99 0.0528 0.00411 0 0
64.7 1.99 0.0506 0.00391 0 0
65.1 1.99 0.0485 0.00372 0 0
65.5 1.99 0.0465 0.00354 0 0
65.9 1.99 0.0446 0.00337 0 0
66.3 1.99 0.0428 0.0032 0 0
66.7 1.99 0.041 0.00305 0 0
67.1 1.99 0.0393 0.0029 0 0
67.5 1.99 0.0377 0.00276 0 0
67.9 1.99 0.0361 0.00262 0.00662 0.00314
68.3 2 0.0346 0.00249 0.00662 0.00314
68.7 2 0.0331 0.00237 0 0
69.1 2 0.0318 0.00226 0 0
69.5 2 0.0304 0.00215 0 0
69.9 2 0.0292 0.00204 0 0
70.3 2 0.0279 0.00194 0 0
70.7 2 0.0268 0.00185 0 0
71.1 2 0.0256 0.00176 0 0
71.5 2 0.0245 0.00167 0 0
71.9 2 0.0235 0.00159 0 0
72.3 2 0.0225 0.00151 0 0
72.7 2 0.0216 0.00144 0 0
73.1 2 0.0207 0.00137 0 0
73.5 2 0.0198 0.0013 0 0
73.9 2 0.0189 0.00124 0 0
74.3 2 0.0181 0.00118 0 0
74.7 2 0.0174 0.00112 0 0
75.1 2 0.0166 0.00107 0 0
75.5 2 0.0159 0.00102 0 0
75.9 2 0.0152 0.000966 0 0
76.3 2 0.0146 0.000919 0 0
76.7 2 0.014 0.000873 0 0
77.1 2 0.0134 0.00083 0 0
77.5 2 0.0128 0.00079 0 0
77.9 2 0.0123 0.000752 0 0
78.3 2 0.0117 0.000716 0 0
78.7 2 0.0112 0.000681 0 0
79.1 2 0.0107 0.000648 0 0
79.5 2 0.0103 0.000616 0 0
79.9 2 0.00984 0.000586 0 0
80.3 2 0.00942 0.000558 0 0
80.7 2 0.00901 0.00053 0 0
81.1 2 0.00862 0.000504 0 0
81.5 2 0.00825 0.00048 0 0
81.9 2 0.00789 0.000457 0 0
82.3 2 0.00755 0.000434 0 0
82.7 2 0.00722 0.000413 0 0
83.1 2 0.00691 0.000393 0 0
83.5 2 0.00661 0.000374 0 0
83.9 2 0.00633 0.000356 0 0
84.3 2 0.00605 0.000338 0 0
84.7 2 0.00579 0.000322 0 0
85.1 2 0.00554 0.000306 0 0
85.5 2 0.0053 0.000291 0 0
85.9 2 0.00507 0.000277 0 0
86.3 2 0.00485 0.000264 0 0
86.7 2 0.00463 0.000251 0 0
87.1 2 0.00443 0.000238 0 0
87.5 2 0.00424 0.000227 0 0
87.9 2 0.00405 0.000216 0 0
88.3 2 0.00388 0.000205 0 0
88.7 2 0.00371 0.000195 0 0
89.1 2 0.00354 0.000186 0 0
89.5 2 0.00339 0.000177 0 0
89.9 2 0.00324 0.000168 0 0
90.3 2 0.0031 0.00016 0 0
90.7 2 0.00296 0.000152 0 0
91.1 2 0.00283 0.000145 0 0
91.5 2 0.00271 0.000138 0 0
91.9 2 0.00259 0.000131 0 0
92.3 2 0.00248 0.000125 0 0
92.7 2 0.00237 0.000118 0 0
93.1 2 0.00226 0.000113 0 0
93.5 2 0.00216 0.000107 0 0
93.9 2 0.00207 0.000102 0 0
94.3 2 0.00198 9.7e-05 0 0
94.7 2 0.00189 9.23e-05 0 0
95.1 2 0.00181 8.78e-05 0 0
95.5 2 0.00172 8.35e-05 0 0
95.9 2 0.00164 7.94e-05 0 0
96.3 2 0.00156 7.56e-05 0 0
96.7 2 0.00148 7.18e-05 0 0
97.1 2 0.00141 6.83e-05 0 0
97.5 2 0.00135 6.5e-05 0 0
97.9 2 0.00129 6.19e-05 0 0
98.3 2 0.00125 5.89e-05 0 0
98.7 2 0.00121 5.6e-05 0 0
99.1 2 0.00118 5.31e-05 0 0
99.5 2 0.00117 5.04e-05 0 0
99.9 2 0.00116 4.93e-05 0 0
