-15 0.152 0.523 1 0.0139 0.46
-14.6 0.161 0.545 1 0.0276 0.871
-14.2 0.17 0.567 1 0.0286 0.82
-13.8 0.18 0.589 1 0.0295 0.774
-13.4 0.19 0.611 1 0.029 0.694
-13 0.2 0.633 1 0.0299 0.655
-12.6 0.211 0.656 1 0.0322 0.645
-12.2 0.223 0.678 1 0.033 0.605
-11.8 0.235 0.701 1 0.0324 0.545
-11.4 0.247 0.724 1 0.0332 0.511
-11 0.26 0.747 1 0.034 0.482
-10.6 0.273 0.771 1 0.0347 0.452
-10.2 0.287 0.794 1 0.0366 0.44
-9.8 0.302 0.817 1 0.036 0.4
-9.4 0.316 0.84 1 0.0355 0.363
-9 0.331 0.863 1 0.0373 0.353
-8.6 0.347 0.886 1 0.038 0.333
-8.2 0.363 0.908 1 0.0374 0.304
-7.8 0.379 0.93 1 0.038 0.287
-7.4 0.396 0.952 1 0.0386 0.272
-7 0.413 0.973 1 0.0392 0.256
-6.6 0.431 0.994 1 0.0386 0.236
-6.2 0.448 1.01 1 0.0392 0.224
-5.8 0.467 1.04 1 0.0398 0.213
-5.4 0.485 1.06 1 0.0392 0.197
-5 0.504 1.08 1 0.0398 0.187
-4.6 0.523 1.09 1 0.0393 0.174
-4.2 0.542 1.11 1 0.0388 0.162
-3.8 0.561 1.13 1 0.0384 0.151
-3.4 0.58 1.14 1 0.039 0.145
-3 0.6 1.15 0.91 0.0395 0.139
-2.6 0.62 1.16 0.904 0.0391 0.13
-2.2 0.64 1.17 0.9 0.0387 0.122
-1.8 0.66 1.17 0.89 0.0362 0.0877
11.7 1.34 1.17 0.441 0.032 0.0422
12.1 1.36 1.17 0.428 0.0301 0.027
12.5 1.38 1.16 0.41 0.0225 0.0198
12.9 1.39 1.15 0.394 0.0224 0.0193
13.3 1.41 1.14 0.378 0.0297 0.0252
13.7 1.43 1.13 0.363 0.0296 0.0245
14.1 1.45 1.12 0.348 0.0295 0.0238
14.5 1.47 1.1 0.333 0.0293 0.0231
14.9 1.49 1.08 0.318 0.0292 0.0225
15.3 1.51 1.06 0.304 0.0291 0.0219
15.7 1.53 1.04 0.29 0.0289 0.0214
16.1 1.55 1.02 0.277 0.0288 0.0208
16.5 1.57 0.999 0.264 0.0215 0.0153
16.9 1.58 0.978 0.251 0.0214 0.0149
17.3 1.6 0.957 0.239 0.0285 0.0195
17.7 1.62 0.936 0.227 0.0213 0.0144
18.1 1.63 0.914 0.216 0.0212 0.014
18.5 1.65 0.891 0.205 0.0282 0.0184
18.9 1.67 0.869 0.194 0.0211 0.0135
19.3 1.68 0.846 0.184 0.021 0.0132
19.7 1.7 0.823 0.175 0.021 0.0131
20.1 1.71 0.8 0.165 0.0139 0.00855
20.5 1.72 0.776 0.156 0.0208 0.0126
20.9 1.74 0.753 0.148 0.0208 0.0125
21.3 1.75 0.73 0.14 0.0138 0.00816
21.7 1.76 0.706 0.132 0.0138 0.00807
22.1 1.77 0.683 0.125 0.0206 0.0119
22.5 1.79 0.66 0.118 0.0206 0.0118
22.9 1.8 0.638 0.111 0.0137 0.00772
23.3 1.81 0.615 0.105 0.0137 0.00763
23.7 1.82 0.593 0.0987 0.0137 0.00755
24.1 1.83 0.571 0.093 0.0136 0.00747
24.5 1.84 0.55 0.0875 0.0136 0.00738
24.9 1.85 0.529 0.0824 0.00679 0.00367
25.3 1.85 0.508 0.0776 0.00678 0.00363
25.7 1.86 0.488 0.073 0.0136 0.00723
26.1 1.87 0.468 0.0686 0.0135 0.00715
26.5 1.88 0.449 0.0645 0.00676 0.00356
26.9 1.88 0.43 0.0606 0.00675 0.00352
27.3 1.89 0.412 0.0569 0.0135 0.007
27.7 1.9 0.395 0.0534 0.00673 0.00348
28.1 1.9 0.378 0.0502 0.00672 0.00344
28.5 1.91 0.361 0.0471 0.00672 0.00344
28.9 1.91 0.345 0.0442 0.00671 0.00341
29.3 1.92 0.33 0.0415 0.00671 0.00341
29.7 1.92 0.315 0.039 0.0067 0.00337
30.1 1.93 0.3 0.0365 0.0067 0.00337
30.5 1.93 0.286 0.0343 0.00669 0.00334
30.9 1.94 0.273 0.0321 0.00669 0.00334
31.3 1.94 0.26 0.0301 0.00668 0.0033
31.7 1.95 0.248 0.0283 0.00668 0.0033
32.1 1.95 0.236 0.0265 0 0
32.5 1.95 0.225 0.0248 0 0
32.9 1.95 0.214 0.0233 0.00666 0.00327
33.3 1.96 0.203 0.0218 0.00666 0.00327
33.7 1.96 0.193 0.0204 0 0
34.1 1.96 0.184 0.0191 0.00665 0.00324
34.5 1.97 0.175 0.0179 0.00665 0.00324
34.9 1.97 0.166 0.0168 0 0
35.3 1.97 0.158 0.0157 0 0
35.7 1.97 0.15 0.0147 0 0
36.1 1.97 0.142 0.0138 0 0
36.5 1.97 0.135 0.0129 0.00664 0.0032
36.9 1.98 0.128 0.0121 0.00664 0.0032
37.3 1.98 0.121 0.0113 0 0
37.7 1.98 0.115 0.0106 0 0
38.1 1.98 0.109 0.00993 0 0
38.5 1.98 0.103 0.00929 0 0
38.9 1.98 0.0979 0.0087 0 0
39.3 1.98 0.0927 0.00815 0.00663 0.00317
39.7 1.99 0.0878 0.00763 0.00663 0.00317
40.1 1.99 0.0832 0.00714 0 0
40.5 1.99 0.0787 0.00667 0 0
40.9 1.99 0.0746 0.00625 0 0
41.3 1.99 0.0706 0.00585 0 0
41.7 1.99 0.0668 0.00548 0 0
42.1 1.99 0.0632 0.00513 0 0
42.5 1.99 0.0598 0.0048 0 0
42.9 1.99 0.0566 0.00449 0 0
43.3 1.99 0.0535 0.00421 0 0
43.7 1.99 0.0506 0.00394 0 0
44.1 1.99 0.0478 0.00368 0 0
44.5 1.99 0.0452 0.00345 0 0
44.9 1.99 0.0428 0.00322 0 0
45.3 1.99 0.0404 0.00302 0 0
45.7 1.99 0.0382 0.00282 0 0
46.1 1.99 0.0361 0.00264 0.00662 0.00314
46.5 2 0.0341 0.00247 0.00662 0.00314
46.9 2 0.0322 0.00231 0 0
47.3 2 0.0304 0.00216 0 0
47.7 2 0.0288 0.00202 0 0
48.1 2 0.0272 0.00189 0 0
48.5 2 0.0256 0.00177 0 0
48.9 2 0.0242 0.00166 0 0
49.3 2 0.0229 0.00155 0 0
49.7 2 0.0216 0.00145 0 0
50.1 2 0.0204 0.00136 0 0
50.5 2 0.0192 0.00127 0 0
50.9 2 0.0182 0.00119 0 0
51.3 2 0.0171 0.00111 0 0
51.7 2 0.0162 0.00104 0 0
52.1 2 0.0153 0.000972 0 0
52.5 2 0.0144 0.000909 0 0
52.9 2 0.0136 0.000851 0 0
53.3 2 0.0128 0.000796 0 0
53.7 2 0.0121 0.000745 0 0
54.1 2 0.0114 0.000697 0 0
54.5 2 0.0108 0.000652 0 0
54.9 2 0.0101 0.00061 0 0
55.3 2 0.00957 0.00057 0 0
55.7 2 0.00902 0.000534 0 0
56.1 2 0.00851 0.0005 0 0
56.5 2 0.00802 0.000468 0 0
56.9 2 0.00756 0.000437 0 0
57.3 2 0.00713 0.000409 0 0
57.7 2 0.00672 0.000383 0 0
58.1 2 0.00634 0.000358 0 0
58.5 2 0.00597 0.000335 0 0
58.9 2 0.00563 0.000313 0 0
59.3 2 0.0053 0.000293 0 0
59.7 2 0.005 0.000274 0 0
60.1 2 0.00471 0.000257 0 0
60.5 2 0.00444 0.00024 0 0
60.9 2 0.00418 0.000225 0 0
61.3 2 0.00394 0.00021 0 0
61.7 2 0.00371 0.000197 0 0
62.1 2 0.0035 0.000184 0 0
62.5 2 0.0033 0.000172 0 0
62.9 2 0.0031 0.000161 0 0
63.3 2 0.00292 0.000151 0 0
63.7 2 0.00275 0.000141 0 0
64.1 2 0.00259 0.000132 0 0
64.5 2 0.00244 0.000123 0 0
64.9 2 0.0023 0.000115 0 0
65.3 2 0.00217 0.000108 0 0
65.7 2 0.00204 0.000101 0 0
66.1 2 0.00192 9.45e-05 0 0
66.5 2 0.00181 8.84e-05 0 0
66.9 2 0.0017 8.27e-05 0 0
67.3 2 0.0016 7.74e-05 0 0
67.7 2 0.00151 7.24e-05 0 0
68.1 2 0.00142 6.77e-05 0 0
68.5 2 0.00134 6.33e-05 0 0
68.9 2 0.00126 5.93e-05 0 0
69.3 2 0.00119 5.54e-05 0 0
69.7 2 0.00112 5.19e-05 0 0
70.1 2 0.00105 4.85e-05 0 0
70.5 2 0.00099 4.54e-05 0 0
70.9 2 0.000932 4.24e-05 0 0
71.3 2 0.000877 3.97e-05 0 0
71.7 2 0.000825 3.71e-05 0 0
72.1 2 0.000776 3.48e-05 0 0
72.5 2 0.000731 3.25e-05 0 0
72.9 2 0.000688 3.04e-05 0 0
73.3 2 0.000647 2.84e-05 0 0
73.7 2 0.000609 2.66e-05 0 0
74.1 2 0.000573 2.49e-05 0 0
74.5 2 0.000539 2.33e-05 0 0
74.9 2 0.000507 2.18e-05 0 0
75.3 2 0.000477 2.04e-05 0 0
75.7 2 0.000449 1.91e-05 0 0
76.1 2 0.000422 1.78e-05 0 0
76.5 2 0.000397 1.67e-05 0 0
76.9 2 0.000374 1.56e-05 0 0
77.3 2 0.000352 1.46e-05 0 0
77.7 2 0.000331 1.37e-05 0 0
78.1 2 0.000311 1.28e-05 0 0
78.5 2 0.000293 1.2e-05 0 0
78.9 2 0.000275 1.12e-05 0 0
79.3 2 0.000259 1.05e-05 0 0
79.7 2 0.000244 9.78e-06 0 0
80.1 2 0.000229 9.15e-06 0 0
80.5 2 0.000215 8.57e-06 0 0
80.9 2 0.000203 8.02e-06 0 0
81.3 2 0.000191 7.51e-06 0 0
81.7 2 0.000179 7.02e-06 0 0
82.1 2 0.000169 6.56e-06 0 0
82.5 2 0.000158 6.14e-06 0 0
82.9 2 0.000149 5.75e-06 0 0
83.3 2 0.00014 5.37e-06 0 0
83.7 2 0.000132 5.03e-06 0 0
84.1 2 0.000124 4.71e-06 0 0
84.5 2 0.000116 4.4e-06 0 0
84.9 2 0.00011 4.12e-06 0 0
85.3 2 0.000103 3.85e-06 0 0
85.7 2 9.68e-05 3.6e-06 0 0
86.1 2 9.1e-05 3.37e-06 0 0
86.5 2 8.56e-05 3.15e-06 0 0
86.9 2 8.04e-05 2.95e-06 0 0
87.3 2 7.56e-05 2.76e-06 0 0
87.7 2 7.11e-05 2.58e-06 0 0
88.1 2 6.68e-05 2.41e-06 0 0
88.5 2 6.28e-05 2.26e-06 0 0
88.9 2 5.9e-05 2.11e-06 0 0
89.3 2 5.55e-05 1.98e-06 0 0
89.7 2 5.22e-05 1.85e-06 0 0
90.1 2 4.9e-05 1.73e-06 0 0
90.5 2 4.61e-05 1.62e-06 0 0
90.9 2 4.33e-05 1.51e-06 0 0
91.3 2 4.07e-05 1.42e-06 0 0
91.7 2 3.82e-05 1.33e-06 0 0
92.1 2 3.59e-05 1.24e-06 0 0
92.5 2 3.38e-05 1.16e-06 0 0
92.9 2 3.17e-05 1.08e-06 0 0
93.3 2 2.98e-05 1.01e-06 0 0
93.7 2 2.8e-05 9.5e-07 0 0
94.1 2 2.63e-05 8.89e-07 0 0
94.5 2 2.48e-05 8.31e-07 0 0
94.9 2 2.33e-05 7.76e-07 0 0
95.3 2 2.18e-05 7.27e-07 0 0
95.7 2 2.04e-05 6.8e-07 0 0
96.1 2 1.91e-05 6.36e-07 0 0
96.5 2 1.78e-05 5.95e-07 0 0
96.9 2 1.66e-05 5.57e-07 0 0
97.3 2 1.56e-05 5.21e-07 0 0
97.7 2 1.46e-05 4.88e-07 0 0
98.1 2 1.38e-05 4.56e-07 0 0
98.5 2 1.32e-05 4.27e-07 0 0
98.9 2 1.27e-05 3.99e-07 0 0
99.3 2 1.24e-05 3.7e-07 0 0
99.7 2 1.22e-05 3.51e-07 0 0
