1.305193634697030536e+00 4.952840727818865196e-01 1.800477707478917111e+00 1.199999999999999956e+00 -7.651438951590039395e-01 4.032106751242909848e-01
1.345453776519424771e+00 4.690643415755313406e-01 1.814518118094956112e+00 1.199999999999999956e+00 -7.093425752204352008e-01 4.149881789062737081e-01
1.385337304742611630e+00 4.427392034157421330e-01 1.828076508158353874e+00 1.199999999999999956e+00 -6.536645853271068063e-01 4.268348843153144667e-01
1.427633360110137639e+00 4.171075264084897483e-01 1.844740886518627443e+00 1.199999999999999956e+00 -6.000206617016363708e-01 4.386750009027274855e-01
1.472501569986229830e+00 3.922883407812868262e-01 1.864789910767516545e+00 1.199999999999999956e+00 -5.484480189662344074e-01 4.504916575961693259e-01
1.515147098495441380e+00 3.673544163591934142e-01 1.882501514854634905e+00 1.199999999999999956e+00 -4.962976682461484046e-01 4.622675986847824547e-01
1.560088691177331954e+00 3.433797428839129307e-01 1.903468434061244885e+00 1.199999999999999956e+00 -4.462734688261491556e-01 4.739852227037010812e-01
1.607458216960101272e+00 3.204459225711447923e-01 1.927904139531245953e+00 1.199999999999999956e+00 -3.984015413353390045e-01 4.856142930173177330e-01
1.654263792122922183e+00 2.980226654984754475e-01 1.952286457621397631e+00 1.199999999999999956e+00 -3.512361609734551138e-01 4.971320294769987491e-01
1.701157263218701976e+00 2.763217127755420721e-01 1.977478975994244159e+00 1.199999999999999956e+00 -3.052648987999013741e-01 5.085372768322818926e-01
1.750200419702780952e+00 2.557717270075019478e-01 2.005972146710282900e+00 1.199999999999999956e+00 -2.614781507252965653e-01 5.198115284351515486e-01
1.800976571547193039e+00 2.363121942289511113e-01 2.037288765776144039e+00 1.199999999999999956e+00 -2.196741390358099011e-01 5.309361568950233812e-01
1.848852142656593589e+00 2.172010342616290668e-01 2.066053176918222434e+00 1.199999999999999956e+00 -1.780565763832591131e-01 5.418924639347645345e-01
1.898457520553011424e+00 1.992680855743308443e-01 2.097725606127342157e+00 1.199999999999999956e+00 -1.386094285625807387e-01 5.526512194788865129e-01
1.949771260190913402e+00 1.825090829504548706e-01 2.132280343141368384e+00 1.199999999999999956e+00 -1.013057274774631367e-01 5.631117227877657783e-01
2.000660665455455511e+00 1.665861101133652156e-01 2.167246775568820727e+00 1.199999999999999956e+00 -6.539270280903508592e-02 5.733500893150059730e-01
2.049472723745759950e+00 1.512937364837775300e-01 2.200766460229537369e+00 1.199999999999999956e+00 -3.041814959536992546e-02 5.833480386444179766e-01
2.099368711142523658e+00 1.371031973965086692e-01 2.236471908539032327e+00 1.199999999999999956e+00 2.481489866167585490e-03 5.930874821983563860e-01
2.150232410059230048e+00 1.239798099670419429e-01 2.274212220026272213e+00 1.199999999999999956e+00 3.335197211489493441e-02 6.025505772526562609e-01
2.200196231675712877e+00 1.116648045086972019e-01 2.311861036184410079e+00 1.199999999999999956e+00 6.275378343432969075e-02 6.117197809800799524e-01
2.247069349016632245e+00 9.989774171446508255e-02 2.346967090731097549e+00 1.199999999999999956e+00 9.124626077427411275e-02 6.205779042952640490e-01
2.294134769668757290e+00 8.908596857774153666e-02 2.383220738246498716e+00 1.199999999999999956e+00 1.178137829610621523e-01 6.290049216737656490e-01
2.341193064355071130e+00 7.918793823763725648e-02 2.420381002592708164e+00 1.199999999999999956e+00 1.425129205797546206e-01 6.370766903572064876e-01
2.388023087289079527e+00 7.015856290339772539e-02 2.458181650192477363e+00 1.199999999999999956e+00 1.654021934431053609e-01 6.447934913230370935e-01
2.431501002809309586e+00 6.164028103355023713e-02 2.493141283842859934e+00 1.199999999999999956e+00 1.872669830178308459e-01 6.521402897913911589e-01
2.472363033706583391e+00 5.372399950260098311e-02 2.526087033209184263e+00 1.199999999999999956e+00 2.078495738455021780e-01 6.591026543697598994e-01
2.512166010706707642e+00 4.656655787314112338e-02 2.558732568579848987e+00 1.199999999999999956e+00 2.267383489893930459e-01 6.656668042146403064e-01
2.550656474271373764e+00 4.012424477527587463e-02 2.590780719046649416e+00 1.199999999999999956e+00 2.439910821494173376e-01 6.718196544289192218e-01
2.587572535964913989e+00 3.435485732352550059e-02 2.621927393288439490e+00 1.199999999999999956e+00 2.596644251471005305e-01 6.775488594859369051e-01
2.622647110340118992e+00 2.921813557550811957e-02 2.651865245915627334e+00 1.199999999999999956e+00 2.738133053792015659e-01 6.828428544787087384e-01
2.654740297149322359e+00 2.459459133073849113e-02 2.679334888480060961e+00 1.199999999999999956e+00 2.866825304182452072e-01 6.876908940015304950e-01
2.682222475016674768e+00 2.032630080112551862e-02 2.702548775817800397e+00 1.199999999999999956e+00 2.986037867868187590e-01 6.920633916907957817e-01
2.707282450393877937e+00 1.660729217571343952e-02 2.723889742569591377e+00 1.199999999999999956e+00 3.090788389724643537e-01 6.959272042394654134e-01
2.729715033607252206e+00 1.341794361749415465e-02 2.743132977224746583e+00 1.199999999999999956e+00 3.181489877471506134e-01 6.993257426427892387e-01
2.749330177507624207e+00 1.073273496525151138e-02 2.760062912472875496e+00 1.199999999999999956e+00 3.258513755804797185e-01 7.022519901845315493e-01
2.765956705892674172e+00 8.529504337717597195e-03 2.774486210230391769e+00 1.199999999999999956e+00 3.322185948592029092e-01 7.046998868176043151e-01
2.779445829326356865e+00 6.789587717315859194e-03 2.786235417043672946e+00 1.199999999999999956e+00 3.372783450360046231e-01 7.066643500757239238e-01
2.789674320071326541e+00 5.497929535744905394e-03 2.795172249607071446e+00 1.199999999999999956e+00 3.410531418935089931e-01 7.081412926570902489e-01
2.796547223913682156e+00 4.643167356701227710e-03 2.801190391270383273e+00 1.199999999999999956e+00 3.435600816308959082e-01 7.091276365949321647e-01
2.799999999999999822e+00 4.217693165464164728e-03 2.804217693165464098e+00 1.199999999999999956e+00 3.448106619730797462e-01 7.096213239461590661e-01
2.799999999999999822e+00 4.217693165464164728e-03 2.804217693165464098e+00 1.199999999999999956e+00 3.448106619730797462e-01 7.096213239461590661e-01
2.796547223913682156e+00 4.643167356701227710e-03 2.801190391270383273e+00 1.199999999999999956e+00 3.435600816308959082e-01 7.091276365949321647e-01
2.789674320071326541e+00 5.497929535744905394e-03 2.795172249607071446e+00 1.199999999999999956e+00 3.410531418935089931e-01 7.081412926570902489e-01
2.779445829326356865e+00 6.789587717315859194e-03 2.786235417043672946e+00 1.199999999999999956e+00 3.372783450360046231e-01 7.066643500757239238e-01
2.765956705892674172e+00 8.529504337717597195e-03 2.774486210230391769e+00 1.199999999999999956e+00 3.322185948592029092e-01 7.046998868176043151e-01
2.749330177507624207e+00 1.073273496525151138e-02 2.760062912472875496e+00 1.199999999999999956e+00 3.258513755804797185e-01 7.022519901845315493e-01
2.729715033607252206e+00 1.341794361749415465e-02 2.743132977224746583e+00 1.199999999999999956e+00 3.181489877471506134e-01 6.993257426427892387e-01
2.707282450393877937e+00 1.660729217571343952e-02 2.723889742569591377e+00 1.199999999999999956e+00 3.090788389724643537e-01 6.959272042394654134e-01
2.682222475016674768e+00 2.032630080112729498e-02 2.702548775817802174e+00 1.199999999999999956e+00 2.986037867868143181e-01 6.920633916907955596e-01
2.654740297149322359e+00 2.459459133073849113e-02 2.679334888480060961e+00 1.199999999999999956e+00 2.866825304182452072e-01 6.876908940015304950e-01
2.622647110340118992e+00 2.921813557550811957e-02 2.651865245915627334e+00 1.199999999999999956e+00 2.738133053792015659e-01 6.828428544787087384e-01
2.587572535964913989e+00 3.435485732352550059e-02 2.621927393288439490e+00 1.199999999999999956e+00 2.596644251471005305e-01 6.775488594859369051e-01
2.550656474271373764e+00 4.012424477527587463e-02 2.590780719046649416e+00 1.199999999999999956e+00 2.439910821494173376e-01 6.718196544289192218e-01
2.512166010706707642e+00 4.656655787314112338e-02 2.558732568579848987e+00 1.199999999999999956e+00 2.267383489893930459e-01 6.656668042146403064e-01
2.472363033706591384e+00 5.372399950260287049e-02 2.526087033209194033e+00 1.199999999999999956e+00 2.078495738454977371e-01 6.591026543697597884e-01
2.431501002809314027e+00 6.164028103354990407e-02 2.493141283842863931e+00 1.199999999999999956e+00 1.872669830178317341e-01 6.521402897913909369e-01
2.388023087289079527e+00 7.015856290339772539e-02 2.458181650192477363e+00 1.199999999999999956e+00 1.654021934431053609e-01 6.447934913230370935e-01
2.341193064355071130e+00 7.918793823763725648e-02 2.420381002592708164e+00 1.199999999999999956e+00 1.425129205797546206e-01 6.370766903572064876e-01
2.294134769668757290e+00 8.908596857774153666e-02 2.383220738246498716e+00 1.199999999999999956e+00 1.178137829610621523e-01 6.290049216737656490e-01
2.247069349016632245e+00 9.989774171446352824e-02 2.346967090731095773e+00 1.199999999999999956e+00 9.124626077427766546e-02 6.205779042952640490e-01
2.200196231675712877e+00 1.116648045086955365e-01 2.311861036184408302e+00 1.199999999999999956e+00 6.275378343433324346e-02 6.117197809800799524e-01
2.150232410059230048e+00 1.239798099670410547e-01 2.274212220026271325e+00 1.199999999999999956e+00 3.335197211489671076e-02 6.025505772526561499e-01
2.099368711142517885e+00 1.371031973965097794e-01 2.236471908539027886e+00 1.199999999999999956e+00 2.481489866164920954e-03 5.930874821983561640e-01
2.049472723745754177e+00 1.512937364837789733e-01 2.200766460229533372e+00 1.199999999999999956e+00 -3.041814959537347818e-02 5.833480386444179766e-01
2.000660665455455511e+00 1.665861101133652156e-01 2.167246775568820727e+00 1.199999999999999956e+00 -6.539270280903508592e-02 5.733500893150059730e-01
1.949771260190913402e+00 1.825090829504548706e-01 2.132280343141368384e+00 1.199999999999999956e+00 -1.013057274774631367e-01 5.631117227877657783e-01
1.898457520553011424e+00 1.992680855743315105e-01 2.097725606127343045e+00 1.199999999999999956e+00 -1.386094285625825151e-01 5.526512194788861798e-01
1.848852142656593589e+00 2.172010342616290668e-01 2.066053176918222434e+00 1.199999999999999956e+00 -1.780565763832591131e-01 5.418924639347645345e-01
1.800976571547193039e+00 2.363121942289488908e-01 2.037288765776141819e+00 1.199999999999999956e+00 -2.196741390358045720e-01 5.309361568950232702e-01
1.750200419702783394e+00 2.557717270075015037e-01 2.005972146710284676e+00 1.199999999999999956e+00 -2.614781507252956771e-01 5.198115284351514376e-01
1.701157263218700200e+00 2.763217127755414060e-01 1.977478975994241495e+00 1.199999999999999956e+00 -3.052648987998995977e-01 5.085372768322817816e-01
1.654263792122925958e+00 2.980226654984751145e-01 1.952286457621401183e+00 1.199999999999999956e+00 -3.512361609734542256e-01 4.971320294769986936e-01
1.607458216960099495e+00 3.204459225711457915e-01 1.927904139531245287e+00 1.199999999999999956e+00 -3.984015413353416690e-01 4.856142930173176220e-01
1.560088691177330400e+00 3.433797428839124866e-01 1.903468434061242887e+00 1.199999999999999956e+00 -4.462734688261482674e-01 4.739852227037009702e-01
1.515147098495441380e+00 3.673544163591934142e-01 1.882501514854634905e+00 1.199999999999999956e+00 -4.962976682461484046e-01 4.622675986847824547e-01
1.472501569986229830e+00 3.922883407812876033e-01 1.864789910767517433e+00 1.199999999999999956e+00 -5.484480189662361838e-01 4.504916575961691039e-01
1.427633360110137639e+00 4.171075264084893597e-01 1.844740886518626999e+00 1.199999999999999956e+00 -6.000206617016354826e-01 4.386750009027274855e-01
1.385337304742611630e+00 4.427392034157429657e-01 1.828076508158354541e+00 1.199999999999999956e+00 -6.536645853271085826e-01 4.268348843153141892e-01
1.345453776519424771e+00 4.690643415755330614e-01 1.814518118094957888e+00 1.199999999999999956e+00 -7.093425752204396417e-01 4.149881789062734305e-01
1.305193634697030536e+00 4.952840727818865196e-01 1.800477707478917111e+00 1.199999999999999956e+00 -7.651438951590039395e-01 4.032106751242909848e-01
