-15 0.151 0.519 1 0.0124 0.417
-14.6 0.159 0.54 1 0.0261 0.838
-14.2 0.168 0.562 1 0.0287 0.839
-13.8 0.178 0.583 1 0.0296 0.792
-13.4 0.188 0.605 1 0.0291 0.709
-13 0.198 0.627 1 0.03 0.668
-12.6 0.209 0.648 1 0.0309 0.631
-12.2 0.22 0.671 1 0.0317 0.593
-11.8 0.232 0.693 1 0.0326 0.559
-11.4 0.244 0.715 1 0.032 0.505
-11 0.256 0.737 1 0.0328 0.476
-10.6 0.269 0.76 1 0.0348 0.466
-10.2 0.283 0.782 1 0.0343 0.424
-9.8 0.296 0.805 1 0.035 0.398
-9.4 0.311 0.827 1 0.0357 0.377
-9 0.325 0.849 1 0.0351 0.343
-8.6 0.34 0.87 1 0.0358 0.325
-8.2 0.355 0.891 1 0.0365 0.307
-7.8 0.371 0.912 1 0.0371 0.291
-7.4 0.387 0.933 1 0.0366 0.268
-7 0.403 0.952 1 0.0372 0.254
-6.6 0.42 0.972 1 0.0378 0.241
-6.2 0.437 0.99 1 0.0373 0.223
-5.8 0.454 1.01 1 0.0369 0.206
-5.4 0.471 1.03 1 0.0364 0.192
-5 0.488 1.04 1 0.037 0.184
-4.6 0.506 1.06 1 0.0377 0.176
-4.2 0.524 1.07 1 0.0372 0.164
-3.8 0.542 1.09 1 0.0358 0.149
-3.4 0.559 1.1 1 0.0354 0.14
-3 0.577 1.11 1 0.036 0.135
-2.6 0.595 1.13 1 0.0357 0.127
-2.2 0.613 1.14 1 0.0353 0.12
-1.8 0.631 1.15 1 0.035 0.113
-1.4 0.649 1.16 1 0.0347 0.107
-1 0.667 1.17 1 0.0343 0.101
-0.6 0.685 1.17 1 0.034 0.096
-0.2 0.703 1.18 1 0.0328 0.0887
0.2 0.72 1.18 1 0.0325 0.0843
0.6 0.738 1.18 1 0.0323 0.0805
1 0.755 1.18 0.907 0.0293 0.0597
13.3 1.26 1.18 0.541 0.0291 0.0371
13.7 1.28 1.18 0.525 0.0231 0.0231
14.1 1.29 1.18 0.507 0.0229 0.0224
14.5 1.31 1.17 0.49 0.0305 0.0291
14.9 1.33 1.17 0.474 0.0303 0.0283
15.3 1.35 1.16 0.457 0.0226 0.0207
15.7 1.36 1.15 0.441 0.0225 0.0201
16.1 1.38 1.14 0.424 0.0299 0.0263
16.5 1.4 1.13 0.408 0.0298 0.0255
16.9 1.42 1.12 0.392 0.0297 0.0248
17.3 1.44 1.1 0.377 0.0222 0.0182
17.7 1.45 1.09 0.361 0.0221 0.0177
18.1 1.47 1.08 0.346 0.0293 0.0231
18.5 1.49 1.06 0.332 0.0292 0.0225
18.9 1.51 1.05 0.317 0.0218 0.0166
19.3 1.52 1.03 0.303 0.0217 0.0161
19.7 1.54 1.01 0.289 0.0289 0.0211
20.1 1.56 0.995 0.276 0.0287 0.0205
20.5 1.58 0.976 0.263 0.0215 0.0151
20.9 1.59 0.957 0.25 0.0214 0.0147
21.3 1.61 0.938 0.238 0.0284 0.0193
21.7 1.63 0.917 0.226 0.0213 0.0142
22.1 1.64 0.897 0.215 0.0212 0.0139
22.5 1.66 0.876 0.204 0.0211 0.0137
22.9 1.67 0.854 0.194 0.0211 0.0134
23.3 1.69 0.832 0.184 0.021 0.0132
23.7 1.7 0.81 0.174 0.014 0.00865
24.1 1.71 0.788 0.165 0.0209 0.0128
24.5 1.73 0.765 0.156 0.0208 0.0126
24.9 1.74 0.743 0.148 0.0139 0.00826
25.3 1.75 0.72 0.14 0.0138 0.00816
25.7 1.76 0.698 0.132 0.0207 0.012
26.1 1.78 0.675 0.124 0.0206 0.0119
26.5 1.79 0.653 0.117 0.0137 0.0078
26.9 1.8 0.631 0.111 0.0137 0.00772
27.3 1.81 0.609 0.104 0.0137 0.00763
27.7 1.82 0.587 0.0985 0.0137 0.00755
28.1 1.83 0.566 0.0927 0.0136 0.00747
28.5 1.84 0.545 0.0873 0.0136 0.00738
28.9 1.85 0.524 0.0823 0.0136 0.0073
29.3 1.86 0.504 0.0775 0.00678 0.00363
29.7 1.86 0.484 0.0729 0.00677 0.00359
30.1 1.87 0.465 0.0685 0.0135 0.00715
30.5 1.88 0.446 0.0643 0.0135 0.00707
30.9 1.89 0.428 0.0605 0.00675 0.00352
31.3 1.89 0.41 0.0568 0.00673 0.00348
31.7 1.9 0.393 0.0534 0.00673 0.00348
32.1 1.9 0.376 0.0501 0.00672 0.00344
32.5 1.91 0.359 0.0471 0.0134 0.00685
32.9 1.92 0.343 0.0442 0.00671 0.00341
33.3 1.92 0.328 0.0415 0.0067 0.00337
33.7 1.93 0.313 0.0389 0.0067 0.00337
34.1 1.93 0.299 0.0365 0 0
34.5 1.93 0.285 0.0342 0.00669 0.00334
34.9 1.94 0.272 0.0321 0.00669 0.00334
35.3 1.94 0.259 0.0301 0.00668 0.0033
35.7 1.95 0.247 0.0282 0.00668 0.0033
36.1 1.95 0.235 0.0265 0 0
36.5 1.95 0.224 0.0248 0 0
36.9 1.95 0.213 0.0233 0.00666 0.00327
37.3 1.96 0.203 0.0218 0.00666 0.00327
37.7 1.96 0.193 0.0204 0 0
38.1 1.96 0.183 0.0191 0.00665 0.00324
38.5 1.97 0.174 0.0179 0.00665 0.00324
38.9 1.97 0.166 0.0168 0 0
39.3 1.97 0.157 0.0157 0 0
39.7 1.97 0.149 0.0147 0 0
40.1 1.97 0.142 0.0138 0 0
40.5 1.97 0.134 0.0129 0.00664 0.0032
40.9 1.98 0.128 0.0121 0.00664 0.0032
41.3 1.98 0.121 0.0113 0 0
41.7 1.98 0.115 0.0106 0 0
42.1 1.98 0.109 0.00993 0 0
42.5 1.98 0.103 0.00929 0 0
42.9 1.98 0.0977 0.0087 0 0
43.3 1.98 0.0926 0.00814 0.00663 0.00317
43.7 1.99 0.0877 0.00762 0.00663 0.00317
44.1 1.99 0.0831 0.00713 0 0
44.5 1.99 0.0787 0.00667 0 0
44.9 1.99 0.0745 0.00624 0 0
45.3 1.99 0.0705 0.00584 0 0
45.7 1.99 0.0668 0.00548 0 0
46.1 1.99 0.0632 0.00513 0 0
46.5 1.99 0.0598 0.0048 0 0
46.9 1.99 0.0565 0.00449 0 0
47.3 1.99 0.0535 0.0042 0 0
47.7 1.99 0.0506 0.00394 0 0
48.1 1.99 0.0478 0.00368 0 0
48.5 1.99 0.0452 0.00345 0 0
48.9 1.99 0.0427 0.00322 0 0
49.3 1.99 0.0404 0.00302 0 0
49.7 1.99 0.0382 0.00282 0 0
50.1 1.99 0.0361 0.00264 0.00662 0.00314
50.5 2 0.0341 0.00247 0.00662 0.00314
50.9 2 0.0322 0.00231 0 0
51.3 2 0.0304 0.00216 0 0
51.7 2 0.0287 0.00202 0 0
52.1 2 0.0272 0.00189 0 0
52.5 2 0.0256 0.00177 0 0
52.9 2 0.0242 0.00166 0 0
53.3 2 0.0229 0.00155 0 0
53.7 2 0.0216 0.00145 0 0
54.1 2 0.0204 0.00136 0 0
54.5 2 0.0192 0.00127 0 0
54.9 2 0.0182 0.00119 0 0
55.3 2 0.0171 0.00111 0 0
55.7 2 0.0162 0.00104 0 0
56.1 2 0.0153 0.000972 0 0
56.5 2 0.0144 0.000909 0 0
56.9 2 0.0136 0.000851 0 0
57.3 2 0.0128 0.000796 0 0
57.7 2 0.0121 0.000745 0 0
58.1 2 0.0114 0.000697 0 0
58.5 2 0.0108 0.000652 0 0
58.9 2 0.0101 0.00061 0 0
59.3 2 0.00957 0.00057 0 0
59.7 2 0.00902 0.000534 0 0
60.1 2 0.00851 0.0005 0 0
60.5 2 0.00802 0.000468 0 0
60.9 2 0.00756 0.000437 0 0
61.3 2 0.00713 0.000409 0 0
61.7 2 0.00672 0.000383 0 0
62.1 2 0.00634 0.000358 0 0
62.5 2 0.00597 0.000335 0 0
62.9 2 0.00563 0.000313 0 0
63.3 2 0.0053 0.000293 0 0
63.7 2 0.005 0.000274 0 0
64.1 2 0.00471 0.000257 0 0
64.5 2 0.00444 0.00024 0 0
64.9 2 0.00418 0.000225 0 0
65.3 2 0.00394 0.00021 0 0
65.7 2 0.00371 0.000197 0 0
66.1 2 0.0035 0.000184 0 0
66.5 2 0.0033 0.000172 0 0
66.9 2 0.0031 0.000161 0 0
67.3 2 0.00292 0.000151 0 0
67.7 2 0.00275 0.000141 0 0
68.1 2 0.00259 0.000132 0 0
68.5 2 0.00244 0.000123 0 0
68.9 2 0.0023 0.000115 0 0
69.3 2 0.00217 0.000108 0 0
69.7 2 0.00204 0.000101 0 0
70.1 2 0.00192 9.45e-05 0 0
70.5 2 0.00181 8.84e-05 0 0
70.9 2 0.0017 8.27e-05 0 0
71.3 2 0.0016 7.74e-05 0 0
71.7 2 0.00151 7.24e-05 0 0
72.1 2 0.00142 6.77e-05 0 0
72.5 2 0.00134 6.33e-05 0 0
72.9 2 0.00126 5.93e-05 0 0
73.3 2 0.00119 5.54e-05 0 0
73.7 2 0.00112 5.19e-05 0 0
74.1 2 0.00105 4.85e-05 0 0
74.5 2 0.00099 4.54e-05 0 0
74.9 2 0.000932 4.24e-05 0 0
75.3 2 0.000877 3.97e-05 0 0
75.7 2 0.000825 3.71e-05 0 0
76.1 2 0.000776 3.48e-05 0 0
76.5 2 0.000731 3.25e-05 0 0
76.9 2 0.000688 3.04e-05 0 0
77.3 2 0.000647 2.84e-05 0 0
77.7 2 0.000609 2.66e-05 0 0
78.1 2 0.000573 2.49e-05 0 0
78.5 2 0.000539 2.33e-05 0 0
78.9 2 0.000507 2.18e-05 0 0
79.3 2 0.000477 2.04e-05 0 0
79.7 2 0.000449 1.91e-05 0 0
80.1 2 0.000422 1.78e-05 0 0
80.5 2 0.000397 1.67e-05 0 0
80.9 2 0.000374 1.56e-05 0 0
81.3 2 0.000352 1.46e-05 0 0
81.7 2 0.000331 1.37e-05 0 0
82.1 2 0.000311 1.28e-05 0 0
82.5 2 0.000293 1.2e-05 0 0
82.9 2 0.000275 1.12e-05 0 0
83.3 2 0.000259 1.05e-05 0 0
83.7 2 0.000244 9.78e-06 0 0
84.1 2 0.000229 9.15e-06 0 0
84.5 2 0.000215 8.57e-06 0 0
84.9 2 0.000203 8.02e-06 0 0
85.3 2 0.000191 7.51e-06 0 0
85.7 2 0.000179 7.02e-06 0 0
86.1 2 0.000169 6.56e-06 0 0
86.5 2 0.000158 6.14e-06 0 0
86.9 2 0.000149 5.75e-06 0 0
87.3 2 0.00014 5.37e-06 0 0
87.7 2 0.000132 5.03e-06 0 0
88.1 2 0.000124 4.71e-06 0 0
88.5 2 0.000116 4.4e-06 0 0
88.9 2 0.00011 4.12e-06 0 0
89.3 2 0.000103 3.85e-06 0 0
89.7 2 9.68e-05 3.6e-06 0 0
90.1 2 9.1e-05 3.37e-06 0 0
90.5 2 8.56e-05 3.15e-06 0 0
90.9 2 8.04e-05 2.95e-06 0 0
91.3 2 7.56e-05 2.76e-06 0 0
91.7 2 7.11e-05 2.58e-06 0 0
92.1 2 6.68e-05 2.41e-06 0 0
92.5 2 6.28e-05 2.26e-06 0 0
92.9 2 5.9e-05 2.11e-06 0 0
93.3 2 5.55e-05 1.98e-06 0 0
93.7 2 5.22e-05 1.85e-06 0 0
94.1 2 4.9e-05 1.73e-06 0 0
94.5 2 4.61e-05 1.62e-06 0 0
94.9 2 4.33e-05 1.51e-06 0 0
95.3 2 4.06e-05 1.42e-06 0 0
95.7 2 3.8e-05 1.33e-06 0 0
96.1 2 3.55e-05 1.24e-06 0 0
96.5 2 3.31e-05 1.16e-06 0 0
96.9 2 3.1e-05 1.08e-06 0 0
97.3 2 2.9e-05 1.01e-06 0 0
97.7 2 2.73e-05 9.5e-07 0 0
98.1 2 2.58e-05 8.89e-07 0 0
98.5 2 2.46e-05 8.31e-07 0 0
98.9 2 2.37e-05 7.76e-07 0 0
99.3 2 2.31e-05 7.21e-07 0 0
99.7 2 2.28e-05 6.84e-07 0 0
