-15 0.0823 0.332 1 0.013 1.17
-14.6 0.0892 0.355 1 0.0268 2.26
-14.2 0.0967 0.378 1 0.0287 2.11
-13.8 0.105 0.401 1 0.0288 1.86
-13.4 0.113 0.425 1 0.0309 1.74
-13 0.123 0.449 1 0.0335 1.66
-12.6 0.133 0.474 1 0.0343 1.48
-12.2 0.144 0.501 1 0.035 1.33
-11.8 0.155 0.528 1 0.0357 1.2
-11.4 0.167 0.556 1 0.0378 1.12
-11 0.18 0.585 1 0.0398 1.04
-10.6 0.194 0.615 1 0.0417 0.964
-10.2 0.209 0.645 1 0.0435 0.888
-9.8 0.225 0.677 1 0.0452 0.816
-9.4 0.242 0.709 0.933 0.0468 0.748
-9 0.26 0.741 0.927 0.047 0.669
-8.6 0.278 0.774 0.92 0.0485 0.613
-8.2 0.298 0.807 0.914 0.0511 0.578
-7.8 0.319 0.841 0.907 0.0524 0.529
-7.4 0.341 0.877 0.9 0.0537 0.484
-7 0.364 0.914 0.891 0.0548 0.444
-6.6 0.388 0.95 0.883 0.056 0.407
-6.2 0.413 0.986 0.873 0.0571 0.374
-5.8 0.439 1.02 0.863 0.0581 0.344
-5.4 0.466 1.05 0.852 0.0591 0.317
-5 0.494 1.08 0.84 0.0601 0.292
-4.6 0.523 1.1 0.828 0.061 0.27
-4.2 0.553 1.12 0.815 0.0609 0.246
-3.8 0.583 1.13 0.804 0.0618 0.228
-3.4 0.615 1.14 0.789 0.0613 0.164
5.1 1.36 1.14 0.36 0.0521 0.0722
5.5 1.39 1.13 0.346 0.0448 0.0388
5.9 1.42 1.13 0.326 0.0445 0.0372
6.3 1.45 1.11 0.307 0.0442 0.0357
6.7 1.48 1.09 0.289 0.0439 0.0343
7.1 1.51 1.07 0.271 0.0436 0.0329
7.5 1.54 1.04 0.254 0.0433 0.0316
7.9 1.57 1.01 0.238 0.0359 0.0255
8.3 1.59 0.977 0.223 0.0357 0.0246
8.7 1.62 0.941 0.209 0.0355 0.024
9.1 1.64 0.905 0.195 0.0283 0.0186
9.5 1.66 0.868 0.182 0.0352 0.0226
9.9 1.69 0.833 0.169 0.035 0.022
10.3 1.71 0.799 0.157 0.0279 0.0171
10.7 1.73 0.766 0.146 0.0278 0.0167
11.1 1.75 0.733 0.136 0.0208 0.0123
11.5 1.76 0.701 0.126 0.0207 0.012
11.9 1.78 0.669 0.117 0.0206 0.0119
12.3 1.79 0.638 0.108 0.0206 0.0116
12.7 1.81 0.607 0.1 0.0205 0.0115
13.1 1.82 0.577 0.0926 0.0205 0.0113
13.5 1.84 0.548 0.0856 0.0204 0.0111
13.9 1.85 0.519 0.079 0.0136 0.0073
14.3 1.86 0.492 0.073 0.0136 0.00723
14.7 1.87 0.466 0.0673 0.0135 0.00715
15.1 1.88 0.44 0.0621 0.0135 0.00707
15.5 1.89 0.416 0.0572 0.0135 0.007
15.9 1.9 0.392 0.0527 0.0135 0.00693
16.3 1.91 0.37 0.0486 0.00672 0.00344
16.7 1.91 0.348 0.0448 0.00671 0.00341
17.1 1.92 0.328 0.0412 0.0134 0.00678
17.5 1.93 0.308 0.0379 0.0067 0.00337
17.9 1.93 0.29 0.0349 0.00669 0.00334
18.3 1.94 0.272 0.0321 0.00669 0.00334
18.7 1.94 0.255 0.0295 0.00668 0.0033
19.1 1.95 0.239 0.0271 0.00668 0.0033
19.5 1.95 0.224 0.0249 0.00666 0.00327
19.9 1.96 0.21 0.0229 0.00666 0.00327
20.3 1.96 0.197 0.021 0 0
20.7 1.96 0.184 0.0193 0 0
21.1 1.96 0.172 0.0177 0.00665 0.00324
21.5 1.97 0.161 0.0163 0.00665 0.00324
21.9 1.97 0.15 0.015 0 0
22.3 1.97 0.14 0.0137 0.00664 0.0032
22.7 1.98 0.131 0.0126 0.00664 0.0032
23.1 1.98 0.122 0.0116 0 0
23.5 1.98 0.114 0.0106 0 0
23.9 1.98 0.106 0.00974 0 0
24.3 1.98 0.0991 0.00894 0 0
24.7 1.98 0.0924 0.0082 0.00663 0.00317
25.1 1.99 0.0861 0.00752 0.00663 0.00317
25.5 1.99 0.0802 0.0069 0 0
25.9 1.99 0.0747 0.00633 0 0
26.3 1.99 0.0695 0.00581 0 0
26.7 1.99 0.0647 0.00532 0 0
27.1 1.99 0.0602 0.00489 0 0
27.5 1.99 0.056 0.00448 0 0
27.9 1.99 0.0521 0.00411 0 0
28.3 1.99 0.0484 0.00377 0 0
28.7 1.99 0.045 0.00346 0 0
29.1 1.99 0.042 0.00317 0 0
29.5 1.99 0.0392 0.0029 0 0
29.9 1.99 0.0366 0.00266 0.00662 0.00314
30.3 2 0.0339 0.00244 0.00662 0.00314
30.7 2 0.0314 0.00224 0 0
31.1 2 0.0289 0.00205 0 0
31.5 2 0.0265 0.00188 0 0
31.9 2 0.0242 0.00172 0 0
32.3 2 0.022 0.00158 0 0
32.7 2 0.0199 0.00145 0 0
33.1 2 0.0179 0.00137 0 0
33.5 2 0.016 0.00118 0 0
33.9 2 0.0142 0.0009 0 0
37.1 2 0.0126 0.00063 0 0
37.5 2 0.0111 0.000471 0 0
37.9 2 0.00971 0.000469 0 0
38.3 2 0.00846 0.00043 0 0
38.7 2 0.00736 0.000394 0 0
39.1 2 0.00639 0.000361 0 0
39.5 2 0.00557 0.000331 0 0
39.9 2 0.0049 0.000304 0 0
40.3 2 0.00437 0.000278 0 0
40.7 2 0.004 0.000255 0 0
41.1 2 0.00378 0.000234 0 0
41.5 2 0.00371 0.000214 0 0
41.9 2 0.00368 0.000197 0 0
42.3 2 0.00341 0.00018 0 0
42.7 2 0.00315 0.000165 0 0
43.1 2 0.00292 0.000151 0 0
43.5 2 0.0027 0.000139 0 0
43.9 2 0.0025 0.000127 0 0
44.3 2 0.00231 0.000117 0 0
44.7 2 0.00213 0.000107 0 0
45.1 2 0.00197 9.81e-05 0 0
45.5 2 0.00183 8.99e-05 0 0
45.9 2 0.00169 8.24e-05 0 0
46.3 2 0.00156 7.56e-05 0 0
46.7 2 0.00144 6.94e-05 0 0
47.1 2 0.00133 6.36e-05 0 0
47.5 2 0.00123 5.82e-05 0 0
47.9 2 0.00114 5.33e-05 0 0
48.3 2 0.00105 4.89e-05 0 0
48.7 2 0.000973 4.49e-05 0 0
49.1 2 0.000899 4.11e-05 0 0
49.5 2 0.000831 3.77e-05 0 0
49.9 2 0.000767 3.46e-05 0 0
50.3 2 0.000709 3.17e-05 0 0
50.7 2 0.000655 2.9e-05 0 0
51.1 2 0.000605 2.66e-05 0 0
51.5 2 0.000559 2.44e-05 0 0
51.9 2 0.000516 2.24e-05 0 0
52.3 2 0.000476 2.05e-05 0 0
52.7 2 0.00044 1.88e-05 0 0
53.1 2 0.000406 1.72e-05 0 0
53.5 2 0.000375 1.58e-05 0 0
53.9 2 0.000347 1.45e-05 0 0
54.3 2 0.00032 1.33e-05 0 0
54.7 2 0.000295 1.22e-05 0 0
55.1 2 0.000273 1.12e-05 0 0
55.5 2 0.000252 1.02e-05 0 0
55.9 2 0.000232 9.39e-06 0 0
56.3 2 0.000215 8.61e-06 0 0
56.7 2 0.000198 7.88e-06 0 0
57.1 2 0.000183 7.22e-06 0 0
57.5 2 0.000169 6.61e-06 0 0
57.9 2 0.000156 6.07e-06 0 0
58.3 2 0.000144 5.57e-06 0 0
58.7 2 0.000133 5.1e-06 0 0
59.1 2 0.000122 4.68e-06 0 0
59.5 2 0.000113 4.29e-06 0 0
59.9 2 0.000104 3.93e-06 0 0
60.3 2 9.61e-05 3.6e-06 0 0
60.7 2 8.87e-05 3.3e-06 0 0
61.1 2 8.18e-05 3.03e-06 0 0
61.5 2 7.55e-05 2.78e-06 0 0
61.9 2 6.97e-05 2.54e-06 0 0
62.3 2 6.43e-05 2.33e-06 0 0
62.7 2 5.93e-05 2.14e-06 0 0
63.1 2 5.47e-05 1.96e-06 0 0
63.5 2 5.04e-05 1.8e-06 0 0
63.9 2 4.65e-05 1.65e-06 0 0
64.3 2 4.29e-05 1.51e-06 0 0
64.7 2 3.96e-05 1.38e-06 0 0
65.1 2 3.65e-05 1.27e-06 0 0
65.5 2 3.37e-05 1.16e-06 0 0
65.9 2 3.1e-05 1.07e-06 0 0
66.3 2 2.86e-05 9.78e-07 0 0
66.7 2 2.64e-05 8.96e-07 0 0
67.1 2 2.43e-05 8.21e-07 0 0
67.5 2 2.25e-05 7.53e-07 0 0
67.9 2 2.07e-05 6.9e-07 0 0
68.3 2 1.91e-05 6.33e-07 0 0
68.7 2 1.76e-05 5.81e-07 0 0
69.1 2 1.62e-05 5.32e-07 0 0
69.5 2 1.5e-05 4.88e-07 0 0
69.9 2 1.38e-05 4.47e-07 0 0
70.3 2 1.27e-05 4.1e-07 0 0
70.7 2 1.17e-05 3.76e-07 0 0
71.1 2 1.08e-05 3.44e-07 0 0
71.5 2 9.96e-06 3.16e-07 0 0
71.9 2 9.18e-06 2.89e-07 0 0
72.3 2 8.46e-06 2.65e-07 0 0
72.7 2 7.79e-06 2.43e-07 0 0
73.1 2 7.18e-06 2.23e-07 0 0
73.5 2 6.62e-06 2.04e-07 0 0
73.9 2 6.1e-06 1.87e-07 0 0
74.3 2 5.62e-06 1.72e-07 0 0
74.7 2 5.18e-06 1.57e-07 0 0
75.1 2 4.78e-06 1.44e-07 0 0
75.5 2 4.4e-06 1.32e-07 0 0
75.9 2 4.06e-06 1.21e-07 0 0
76.3 2 3.74e-06 1.11e-07 0 0
76.7 2 3.44e-06 1.02e-07 0 0
77.1 2 3.17e-06 9.34e-08 0 0
77.5 2 2.92e-06 8.56e-08 0 0
77.9 2 2.69e-06 7.85e-08 0 0
78.3 2 2.48e-06 7.2e-08 0 0
78.7 2 2.29e-06 6.6e-08 0 0
79.1 2 2.11e-06 6.05e-08 0 0
79.5 2 1.94e-06 5.55e-08 0 0
79.9 2 1.79e-06 5.09e-08 0 0
80.3 2 1.65e-06 4.66e-08 0 0
80.7 2 1.52e-06 4.27e-08 0 0
81.1 2 1.4e-06 3.92e-08 0 0
81.5 2 1.29e-06 3.59e-08 0 0
81.9 2 1.19e-06 3.29e-08 0 0
82.3 2 1.09e-06 3.02e-08 0 0
82.7 2 1.01e-06 2.77e-08 0 0
83.1 2 9.26e-07 2.54e-08 0 0
83.5 2 8.53e-07 2.32e-08 0 0
83.9 2 7.86e-07 2.13e-08 0 0
84.3 2 7.24e-07 1.95e-08 0 0
84.7 2 6.67e-07 1.79e-08 0 0
85.1 2 6.14e-07 1.64e-08 0 0
85.5 2 5.66e-07 1.5e-08 0 0
85.9 2 5.21e-07 1.38e-08 0 0
86.3 2 4.79e-07 1.26e-08 0 0
86.7 2 4.42e-07 1.16e-08 0 0
87.1 2 4.07e-07 1.06e-08 0 0
87.5 2 3.74e-07 9.75e-09 0 0
87.9 2 3.45e-07 8.94e-09 0 0
88.3 2 3.17e-07 8.19e-09 0 0
88.7 2 2.92e-07 7.51e-09 0 0
89.1 2 2.69e-07 6.89e-09 0 0
89.5 2 2.48e-07 6.31e-09 0 0
89.9 2 2.28e-07 5.78e-09 0 0
90.3 2 2.1e-07 5.3e-09 0 0
90.7 2 1.93e-07 4.86e-09 0 0
91.1 2 1.78e-07 4.45e-09 0 0
91.5 2 1.64e-07 4.09e-09 0 0
91.9 2 1.51e-07 3.74e-09 0 0
92.3 2 1.39e-07 3.43e-09 0 0
92.7 2 1.28e-07 3.15e-09 0 0
93.1 2 1.18e-07 2.88e-09 0 0
93.5 2 1.08e-07 2.64e-09 0 0
93.9 2 9.98e-08 2.42e-09 0 0
94.3 2 9.18e-08 2.22e-09 0 0
94.7 2 8.45e-08 2.04e-09 0 0
95.1 2 7.78e-08 1.87e-09 0 0
95.5 2 7.13e-08 1.71e-09 0 0
95.9 2 6.52e-08 1.57e-09 0 0
96.3 2 5.96e-08 1.44e-09 0 0
96.7 2 5.44e-08 1.32e-09 0 0
97.1 2 4.98e-08 1.21e-09 0 0
97.5 2 4.57e-08 1.11e-09 0 0
97.9 2 4.22e-08 1.02e-09 0 0
98.3 2 3.93e-08 9.3e-10 0 0
98.7 2 3.7e-08 8.53e-10 0 0
99.1 2 3.53e-08 7.78e-10 0 0
99.5 2 3.43e-08 7.11e-10 0 0
99.9 2 3.4e-08 6.85e-10 0 0
