-15 0.151 0.521 1 0.0139 0.466
-14.6 0.16 0.543 1 0.0276 0.882
-14.2 0.169 0.564 1 0.0286 0.829
-13.8 0.179 0.586 1 0.0296 0.783
-13.4 0.189 0.608 1 0.029 0.702
-13 0.199 0.629 1 0.03 0.661
-12.6 0.21 0.652 1 0.0309 0.625
-12.2 0.221 0.674 1 0.0317 0.588
-11.8 0.233 0.696 1 0.0325 0.554
-11.4 0.245 0.719 1 0.0333 0.52
-11 0.258 0.742 1 0.034 0.489
-10.6 0.271 0.764 1 0.0335 0.444
-10.2 0.284 0.787 1 0.0342 0.418
-9.8 0.298 0.81 1 0.0362 0.408
-9.4 0.313 0.833 1 0.0368 0.384
-9 0.328 0.855 1 0.0363 0.349
-8.6 0.343 0.877 1 0.0357 0.319
-8.2 0.358 0.899 1 0.0364 0.302
-7.8 0.374 0.92 1 0.0382 0.295
-7.4 0.391 0.941 1 0.0376 0.271
-7 0.407 0.962 1 0.0371 0.249
-6.6 0.424 0.982 1 0.0388 0.243
-6.2 0.442 1 1 0.0383 0.225
-5.8 0.459 1.02 1 0.0378 0.208
-5.4 0.477 1.04 1 0.0384 0.198
-5 0.495 1.06 1 0.0379 0.184
-4.6 0.513 1.07 1 0.0375 0.171
-4.2 0.531 1.09 1 0.0381 0.164
-3.8 0.55 1.11 1 0.0376 0.153
-3.4 0.568 1.12 1 0.0372 0.143
-3 0.587 1.14 1 0.0378 0.138
-2.6 0.606 1.15 1 0.0374 0.129
-2.2 0.625 1.16 1 0.0361 0.119
-1.8 0.643 1.16 1 0.0357 0.112
-1.4 0.662 1.17 1 0.0363 0.108
-1 0.681 1.17 1 0.036 0.103
-0.6 0.7 1.18 0.898 0.0331 0.0745
12.9 1.31 1.17 0.475 0.0303 0.039
13.3 1.33 1.17 0.459 0.0303 0.0283
13.7 1.35 1.17 0.442 0.0302 0.0274
14.1 1.37 1.16 0.425 0.03 0.0266
14.5 1.39 1.15 0.409 0.0299 0.0259
14.9 1.41 1.14 0.393 0.0297 0.0252
15.3 1.43 1.13 0.378 0.0296 0.0245
15.7 1.45 1.11 0.362 0.0221 0.018
16.1 1.46 1.09 0.347 0.022 0.0175
16.5 1.48 1.08 0.332 0.0293 0.0228
16.9 1.5 1.06 0.318 0.0291 0.0222
17.3 1.52 1.04 0.304 0.029 0.0216
17.7 1.54 1.02 0.29 0.0217 0.0159
18.1 1.55 1.01 0.276 0.0216 0.0155
18.5 1.57 0.987 0.264 0.0287 0.0203
18.9 1.59 0.967 0.251 0.0286 0.0198
19.3 1.61 0.947 0.239 0.0214 0.0146
19.7 1.62 0.926 0.227 0.0213 0.0142
20.1 1.64 0.904 0.216 0.0212 0.014
20.5 1.65 0.883 0.205 0.0211 0.0137
20.9 1.67 0.861 0.194 0.0211 0.0135
21.3 1.68 0.838 0.184 0.021 0.0132
21.7 1.7 0.816 0.174 0.021 0.0131
22.1 1.71 0.793 0.165 0.0209 0.0128
22.5 1.73 0.77 0.156 0.0208 0.0126
22.9 1.74 0.747 0.148 0.0139 0.00826
23.3 1.75 0.724 0.14 0.0138 0.00816
23.7 1.76 0.702 0.132 0.0207 0.012
24.1 1.78 0.679 0.125 0.0206 0.0119
24.5 1.79 0.656 0.118 0.0137 0.0078
24.9 1.8 0.634 0.111 0.0137 0.00772
25.3 1.81 0.612 0.105 0.0137 0.00763
25.7 1.82 0.59 0.0985 0.0137 0.00755
26.1 1.83 0.568 0.0928 0.0136 0.00747
26.5 1.84 0.547 0.0874 0.0136 0.00738
26.9 1.85 0.526 0.0823 0.0136 0.0073
27.3 1.86 0.506 0.0775 0.00678 0.00363
27.7 1.86 0.486 0.073 0.00677 0.00359
28.1 1.87 0.467 0.0685 0.0135 0.00715
28.5 1.88 0.448 0.0644 0.0135 0.00707
28.9 1.89 0.429 0.0605 0.00675 0.00352
29.3 1.89 0.411 0.0568 0.00673 0.00348
29.7 1.9 0.393 0.0534 0.00673 0.00348
30.1 1.9 0.377 0.0501 0.00672 0.00344
30.5 1.91 0.36 0.0471 0.0134 0.00685
30.9 1.92 0.344 0.0442 0.00671 0.00341
31.3 1.92 0.329 0.0415 0 0
31.7 1.92 0.314 0.0389 0.0067 0.00337
32.1 1.93 0.3 0.0365 0.0067 0.00337
32.5 1.93 0.286 0.0343 0.00669 0.00334
32.9 1.94 0.273 0.0321 0.00669 0.00334
33.3 1.94 0.26 0.0301 0.00668 0.0033
33.7 1.95 0.247 0.0282 0.00668 0.0033
34.1 1.95 0.236 0.0265 0 0
34.5 1.95 0.224 0.0248 0 0
34.9 1.95 0.213 0.0233 0.00666 0.00327
35.3 1.96 0.203 0.0218 0.00666 0.00327
35.7 1.96 0.193 0.0204 0 0
36.1 1.96 0.184 0.0191 0.00665 0.00324
36.5 1.97 0.174 0.0179 0.00665 0.00324
36.9 1.97 0.166 0.0168 0 0
37.3 1.97 0.157 0.0157 0 0
37.7 1.97 0.149 0.0147 0 0
38.1 1.97 0.142 0.0138 0 0
38.5 1.97 0.135 0.0129 0.00664 0.0032
38.9 1.98 0.128 0.0121 0.00664 0.0032
39.3 1.98 0.121 0.0113 0 0
39.7 1.98 0.115 0.0106 0 0
40.1 1.98 0.109 0.00993 0 0
40.5 1.98 0.103 0.00929 0 0
40.9 1.98 0.0978 0.0087 0 0
41.3 1.98 0.0926 0.00814 0.00663 0.00317
41.7 1.99 0.0877 0.00762 0.00663 0.00317
42.1 1.99 0.0831 0.00713 0 0
42.5 1.99 0.0787 0.00667 0 0
42.9 1.99 0.0745 0.00624 0 0
43.3 1.99 0.0705 0.00584 0 0
43.7 1.99 0.0668 0.00548 0 0
44.1 1.99 0.0632 0.00513 0 0
44.5 1.99 0.0598 0.0048 0 0
44.9 1.99 0.0565 0.00449 0 0
45.3 1.99 0.0535 0.0042 0 0
45.7 1.99 0.0506 0.00394 0 0
46.1 1.99 0.0478 0.00368 0 0
46.5 1.99 0.0452 0.00345 0 0
46.9 1.99 0.0428 0.00322 0 0
47.3 1.99 0.0404 0.00302 0 0
47.7 1.99 0.0382 0.00282 0 0
48.1 1.99 0.0361 0.00264 0.00662 0.00314
48.5 2 0.0341 0.00247 0.00662 0.00314
48.9 2 0.0322 0.00231 0 0
49.3 2 0.0304 0.00216 0 0
49.7 2 0.0287 0.00202 0 0
50.1 2 0.0272 0.00189 0 0
50.5 2 0.0256 0.00177 0 0
50.9 2 0.0242 0.00166 0 0
51.3 2 0.0229 0.00155 0 0
51.7 2 0.0216 0.00145 0 0
52.1 2 0.0204 0.00136 0 0
52.5 2 0.0192 0.00127 0 0
52.9 2 0.0182 0.00119 0 0
53.3 2 0.0171 0.00111 0 0
53.7 2 0.0162 0.00104 0 0
54.1 2 0.0153 0.000972 0 0
54.5 2 0.0144 0.000909 0 0
54.9 2 0.0136 0.000851 0 0
55.3 2 0.0128 0.000796 0 0
55.7 2 0.0121 0.000745 0 0
56.1 2 0.0114 0.000697 0 0
56.5 2 0.0108 0.000652 0 0
56.9 2 0.0101 0.00061 0 0
57.3 2 0.00957 0.00057 0 0
57.7 2 0.00902 0.000534 0 0
58.1 2 0.00851 0.0005 0 0
58.5 2 0.00802 0.000468 0 0
58.9 2 0.00756 0.000437 0 0
59.3 2 0.00713 0.000409 0 0
59.7 2 0.00672 0.000383 0 0
60.1 2 0.00634 0.000358 0 0
60.5 2 0.00597 0.000335 0 0
60.9 2 0.00563 0.000313 0 0
61.3 2 0.0053 0.000293 0 0
61.7 2 0.005 0.000274 0 0
62.1 2 0.00471 0.000257 0 0
62.5 2 0.00444 0.00024 0 0
62.9 2 0.00418 0.000225 0 0
63.3 2 0.00394 0.00021 0 0
63.7 2 0.00371 0.000197 0 0
64.1 2 0.0035 0.000184 0 0
64.5 2 0.0033 0.000172 0 0
64.9 2 0.0031 0.000161 0 0
65.3 2 0.00292 0.000151 0 0
65.7 2 0.00275 0.000141 0 0
66.1 2 0.00259 0.000132 0 0
66.5 2 0.00244 0.000123 0 0
66.9 2 0.0023 0.000115 0 0
67.3 2 0.00217 0.000108 0 0
67.7 2 0.00204 0.000101 0 0
68.1 2 0.00192 9.45e-05 0 0
68.5 2 0.00181 8.84e-05 0 0
68.9 2 0.0017 8.27e-05 0 0
69.3 2 0.0016 7.74e-05 0 0
69.7 2 0.00151 7.24e-05 0 0
70.1 2 0.00142 6.77e-05 0 0
70.5 2 0.00134 6.33e-05 0 0
70.9 2 0.00126 5.93e-05 0 0
71.3 2 0.00119 5.54e-05 0 0
71.7 2 0.00112 5.19e-05 0 0
72.1 2 0.00105 4.85e-05 0 0
72.5 2 0.00099 4.54e-05 0 0
72.9 2 0.000932 4.24e-05 0 0
73.3 2 0.000877 3.97e-05 0 0
73.7 2 0.000825 3.71e-05 0 0
74.1 2 0.000776 3.48e-05 0 0
74.5 2 0.000731 3.25e-05 0 0
74.9 2 0.000688 3.04e-05 0 0
75.3 2 0.000647 2.84e-05 0 0
75.7 2 0.000609 2.66e-05 0 0
76.1 2 0.000573 2.49e-05 0 0
76.5 2 0.000539 2.33e-05 0 0
76.9 2 0.000507 2.18e-05 0 0
77.3 2 0.000477 2.04e-05 0 0
77.7 2 0.000449 1.91e-05 0 0
78.1 2 0.000422 1.78e-05 0 0
78.5 2 0.000397 1.67e-05 0 0
78.9 2 0.000374 1.56e-05 0 0
79.3 2 0.000352 1.46e-05 0 0
79.7 2 0.000331 1.37e-05 0 0
80.1 2 0.000311 1.28e-05 0 0
80.5 2 0.000293 1.2e-05 0 0
80.9 2 0.000275 1.12e-05 0 0
81.3 2 0.000259 1.05e-05 0 0
81.7 2 0.000244 9.78e-06 0 0
82.1 2 0.000229 9.15e-06 0 0
82.5 2 0.000215 8.57e-06 0 0
82.9 2 0.000203 8.02e-06 0 0
83.3 2 0.000191 7.51e-06 0 0
83.7 2 0.000179 7.02e-06 0 0
84.1 2 0.000169 6.56e-06 0 0
84.5 2 0.000158 6.14e-06 0 0
84.9 2 0.000149 5.75e-06 0 0
85.3 2 0.00014 5.37e-06 0 0
85.7 2 0.000132 5.03e-06 0 0
86.1 2 0.000124 4.71e-06 0 0
86.5 2 0.000116 4.4e-06 0 0
86.9 2 0.00011 4.12e-06 0 0
87.3 2 0.000103 3.85e-06 0 0
87.7 2 9.68e-05 3.6e-06 0 0
88.1 2 9.1e-05 3.37e-06 0 0
88.5 2 8.56e-05 3.15e-06 0 0
88.9 2 8.04e-05 2.95e-06 0 0
89.3 2 7.56e-05 2.76e-06 0 0
89.7 2 7.11e-05 2.58e-06 0 0
90.1 2 6.68e-05 2.41e-06 0 0
90.5 2 6.28e-05 2.26e-06 0 0
90.9 2 5.9e-05 2.11e-06 0 0
91.3 2 5.55e-05 1.98e-06 0 0
91.7 2 5.22e-05 1.85e-06 0 0
92.1 2 4.9e-05 1.73e-06 0 0
92.5 2 4.61e-05 1.62e-06 0 0
92.9 2 4.33e-05 1.51e-06 0 0
93.3 2 4.07e-05 1.42e-06 0 0
93.7 2 3.82e-05 1.33e-06 0 0
94.1 2 3.59e-05 1.24e-06 0 0
94.5 2 3.38e-05 1.16e-06 0 0
94.9 2 3.17e-05 1.08e-06 0 0
95.3 2 2.98e-05 1.01e-06 0 0
95.7 2 2.79e-05 9.5e-07 0 0
96.1 2 2.6e-05 8.89e-07 0 0
96.5 2 2.43e-05 8.31e-07 0 0
96.9 2 2.27e-05 7.76e-07 0 0
97.3 2 2.13e-05 7.27e-07 0 0
97.7 2 2e-05 6.8e-07 0 0
98.1 2 1.89e-05 6.36e-07 0 0
98.5 2 1.8e-05 5.95e-07 0 0
98.9 2 1.74e-05 5.57e-07 0 0
99.3 2 1.69e-05 5.17e-07 0 0
99.7 2 1.67e-05 4.91e-07 0 0
