-8 0.000349 1.42e-06 1 0 1 0 0
-7.8 0.00052 1.37e-06 1 0 1 0 0
-7.6 0.000766 2.81e-06 1 0 1 0 0
-7.4 0.00112 3.88e-06 1 0 1 0 0
-7.2 0.00167 6.29e-06 1 0 1 0 0
-7 0.00242 5.92e-06 1 0 1 0 0
-6.8 0.0035 6e-06 1 0 1 0 0
-6.6 0.005 1.33e-05 1 0 1 0 0
-6.4 0.00697 2.01e-05 1 0 1 0 0
-6.2 0.00964 2.2e-05 1 0 1 0 0
-6 0.0132 2.27e-05 1 0 1 0 0
-5.8 0.0176 5.02e-05 1 0 1 0 0
-5.6 0.0231 5.06e-05 1 0 1 0 0
-5.4 0.0298 4.77e-05 1 0 1 0 0
-5.2 0.0377 5.92e-05 1 0 1 0 0
-5 0.0472 5.97e-05 1 0 1 0 0
-4.8 0.0577 9.69e-05 1 0 1 0 0
-4.6 0.0698 0.000102 1 0 1 0 0
-4.4 0.0827 9.37e-05 1 0 1 0 0
-4.2 0.097 6.97e-05 1 0 1 0 0
-4 0.112 0.000116 1.01 0 0 0 0
-3.8 0.129 0.000122 1.02 0 0 0 0
-3.6 0.147 9.16e-05 1.02 0 0 0 0
-3.4 0.165 0.000137 1.02 0 0 0 0
-3.2 0.185 0.000149 1.03 0 0 0 0
-3 0.205 0.000196 1.03 0 0 0 0
-2.8 0.227 0.000192 1.03 0 0 0 0
-2.6 0.249 0.000121 1.04 0 0 0 0
-2.4 0.273 0.000173 1.04 0 0 0 0
-2.2 0.297 0.000105 1.05 0 0 0 0
-2 0.323 0.000147 1.05 0 0 0 0
-1.8 0.35 0.000178 1.06 0 0 0 0
-1.6 0.378 0.000188 1.07 0 0 0 0
-1.4 0.406 0.000188 1.08 0 0 0 0
-1.2 0.435 0.000149 1.09 0 0 0 0
-1 0.465 0.00023 1.1 0 0 0 0
-0.8 0.494 0.000176 1.11 0 0 0 0
-0.6 0.524 0.000148 1.13 0 0 0 0
-0.4 0.553 0.000192 1.14 0 0 0 0
-0.2 0.582 0.000143 1.16 0 0 0 0
0 0.611 0.000122 1.19 0 0 0 0
0.2 0.639 0.000276 1.22 0 0 0 0
0.4 0.667 0.000121 1.25 0 0 0 0
0.6 0.694 0.000174 1.29 0 0 0 0
0.8 0.721 0.000169 1.34 0 0 0 0
1 0.747 0.000138 1.4 0 0 0 0
1.2 0.772 0.000137 1.46 0 0 0 0
1.4 0.797 8.83e-05 1.54 0 0 0 0
1.6 0.821 0.000183 1.64 0 0 0 0
1.8 0.844 0.000184 1.77 0 0 0 0
2 0.866 0.000228 1.97 0 0 0 0
2.2 0.887 8.64e-05 2.07 0 0 0 0
2.4 0.906 0.000149 2.25 0 0 0 0
2.6 0.924 0.00019 2.46 0 0 0 0
2.8 0.94 0.00019 2.68 0 0 0 0
3 0.954 0.000147 2.87 0 0 0 0
3.2 0.966 0.000123 3.13 0 0 0 0
3.4 0.977 0.000105 3.27 0 0 0 0
3.6 0.985 5.43e-05 3.4 0 0 0 0
3.8 0.993 3.56e-05 3.46 0 0 0 0
4 1 0 3.52 0 0 0 0
4.2 1.01 3.56e-05 3.42 0 0 0 0
4.4 1.01 5.43e-05 3.3 0 0 0 0
4.6 1.02 0.000105 3.12 0 0 0 0
4.8 1.03 0.000123 2.93 0 0 0 0
5 1.05 0.000147 2.62 0 0 0 0
5.2 1.06 0.00019 2.38 0 0 0 0
5.4 1.08 0.00019 2.11 0 0 0 0
5.6 1.09 0.000149 1.86 0 0 0 0
5.8 1.11 8.64e-05 1.65 0 0 0 0
6 1.13 0.000228 1.5 0 0 0 0
6.2 1.16 0.000184 1.29 0 0 0 0
6.4 1.18 0.000183 1.14 0 0 0 0
6.6 1.2 8.83e-05 1.02 0 0 0 0
6.8 1.23 0.000137 0.92 0 0 0 0
7 1.25 0.000138 0.834 0 0 0 0
7.2 1.28 0.000169 0.754 0 0 0 0
7.4 1.31 0.000174 0.687 0 0 0 0
7.6 1.33 0.000121 0.627 0 0 0 0
7.8 1.36 0.000276 0.572 0 0 0 0
8 1.39 0.000122 0.523 0 0 0 0
8.2 1.42 0.000143 0.478 0 0 0 0
8.4 1.45 0.000192 0.437 0 0 0 0
8.6 1.48 0.000148 0.4 0 0 0 0
8.8 1.51 0.000176 0.365 0 0 0 0
9 1.54 0.00023 0.332 0 0 0 0
9.2 1.56 0.000149 0.302 0 0 0 0
9.4 1.59 0.000188 0.274 0 0 0 0
9.6 1.62 0.000188 0.249 0 0 0 0
9.8 1.65 0.000178 0.225 0 0 0 0
10 1.68 0.000147 0.203 0 0 0 0
10.2 1.7 0.000105 0.183 0 0 0 0
10.4 1.73 0.000173 0.165 0 0 0 0
10.6 1.75 0.000121 0.148 0 0 0 0
10.8 1.77 0.000192 0.132 0 0 0 0
11 1.79 0.000196 0.118 0 0 0 0
11.2 1.82 0.000149 0.104 0 0 0 0
11.4 1.83 0.000137 0.092 0 0 0 0
11.6 1.85 9.16e-05 0.0808 0 0 0 0
11.8 1.87 0.000122 0.07 0 0 0 0
12 1.89 0.000116 0.0604 0 0 0 0
12.2 1.9 6.97e-05 0.0516 0 0 0 0
12.4 1.92 9.37e-05 0.0436 0 0 0 0
12.6 1.93 0.000102 0.0364 0 0 0 0
12.8 1.94 9.69e-05 0.0299 0 0 0 0
13 1.95 5.97e-05 0.0243 0 0 0 0
13.2 1.96 5.92e-05 0.0193 0 0 0 0
13.4 1.97 4.77e-05 0.0152 0 0 0 0
13.6 1.98 5.06e-05 0.0117 0 0 0 0
13.8 1.98 5.02e-05 0.0089 0 0 0 0
14 1.99 2.27e-05 0.00665 0 0 0 0
14.2 1.99 2.2e-05 0.00486 0 0 0 0
14.4 1.99 2.01e-05 0.0035 0 0 0 0
14.6 1.99 1.33e-05 0.0025 0 0 0 0
14.8 2 6e-06 0.00176 0 0 0 0
15 2 5.92e-06 0.0012 0 0 0 0
15.2 2 6.29e-06 0.000831 0 0 0 0
15.4 2 3.88e-06 0.00056 0 0 0 0
15.6 2 2.81e-06 0.000385 0 0 0 0
15.8 2 1.37e-06 0.00026 0 0 0 0
16 2 1.42e-06 0.000175 0 0 0 0
