3.000000000000000000e+00 6.311747796401894206e-01 3.631174779640189421e+00 1.199999999999999956e+00 -2.500000000000000000e+01 8.000000000000000000e+00
3.000000000000000000e+00 6.274550010312280879e-01 3.627455001031227866e+00 1.199999999999999956e+00 -2.467018469656992252e+01 8.000000000000000000e+00
3.000000000000000000e+00 6.236837512363373470e-01 3.623683751236337347e+00 1.199999999999999956e+00 -2.434036939313984149e+01 8.000000000000000000e+00
3.000000000000000000e+00 6.198603180402859625e-01 3.619860318040285740e+00 1.199999999999999956e+00 -2.401055408970976401e+01 8.000000000000000000e+00
3.000000000000000000e+00 6.159839793728043578e-01 3.615983979372804136e+00 1.199999999999999956e+00 -2.368073878627968298e+01 8.000000000000000000e+00
3.000000000000000000e+00 6.120540031722183638e-01 3.612054003172218586e+00 1.199999999999999956e+00 -2.335092348284960551e+01 8.000000000000000000e+00
3.000000000000000000e+00 6.080696472471960323e-01 3.608069647247195810e+00 1.199999999999999956e+00 -2.302110817941952448e+01 8.000000000000000000e+00
3.000000000000000000e+00 6.040301591365828671e-01 3.604030159136582867e+00 1.199999999999999956e+00 -2.269129287598944700e+01 8.000000000000000000e+00
3.000000000000000000e+00 5.999347759672959413e-01 3.599934775967295941e+00 1.199999999999999956e+00 -2.236147757255936597e+01 8.000000000000000000e+00
3.000000000000000000e+00 5.957827243102524761e-01 3.595782724310252476e+00 1.199999999999999956e+00 -2.203166226912928849e+01 8.000000000000000000e+00
3.000000000000000000e+00 5.915732200343046809e-01 3.591573220034304903e+00 1.199999999999999956e+00 -2.170184696569920746e+01 8.000000000000000000e+00
3.000000000000000000e+00 5.873054681581539871e-01 3.587305468158153765e+00 1.199999999999999956e+00 -2.137203166226912998e+01 8.000000000000000000e+00
3.000000000000000000e+00 5.829786627002149224e-01 3.582978662700214922e+00 1.199999999999999956e+00 -2.104221635883904895e+01 8.000000000000000000e+00
3.000000000000000000e+00 5.785919865264033124e-01 3.578591986526403090e+00 1.199999999999999956e+00 -2.071240105540897147e+01 8.000000000000000000e+00
3.000000000000000000e+00 5.741446111958162790e-01 3.574144611195816168e+00 1.199999999999999956e+00 -2.038258575197889400e+01 8.000000000000000000e+00
3.000000000000000000e+00 5.696356968042788349e-01 3.569635696804279057e+00 1.199999999999999956e+00 -2.005277044854881296e+01 8.000000000000000000e+00
3.000000000000000000e+00 5.650643918257240994e-01 3.565064391825724321e+00 1.199999999999999956e+00 -1.972295514511873193e+01 8.000000000000000000e+00
3.000000000000000000e+00 5.604298329513798249e-01 3.560429832951379936e+00 1.199999999999999956e+00 -1.939313984168865446e+01 8.000000000000000000e+00
3.000000000000000000e+00 5.557311449267285930e-01 3.555731144926728593e+00 1.199999999999999956e+00 -1.906332453825857698e+01 8.000000000000000000e+00
3.000000000000000000e+00 5.509674403862128145e-01 3.550967440386212814e+00 1.199999999999999956e+00 -1.873350923482849595e+01 8.000000000000000000e+00
3.000000000000000000e+00 5.461378196856525591e-01 3.546137819685652559e+00 1.199999999999999956e+00 -1.840369393139841492e+01 8.000000000000000000e+00
3.000000000000000000e+00 5.412413707323441292e-01 3.541241370732344240e+00 1.199999999999999956e+00 -1.807387862796833744e+01 8.000000000000000000e+00
3.000000000000000000e+00 5.362771688128071812e-01 3.536277168812807403e+00 1.199999999999999956e+00 -1.774406332453825996e+01 8.000000000000000000e+00
3.000000000000000000e+00 5.312442764181497523e-01 3.531244276418149752e+00 1.199999999999999956e+00 -1.741424802110817893e+01 8.000000000000000000e+00
3.000000000000000000e+00 5.261417430670161099e-01 3.526141743067015888e+00 1.199999999999999956e+00 -1.708443271767810145e+01 8.000000000000000000e+00
3.000000000000000000e+00 5.209686051260835615e-01 3.520968605126083339e+00 1.199999999999999956e+00 -1.675461741424802398e+01 8.000000000000000000e+00
3.000000000000000000e+00 5.157238856280779160e-01 3.515723885628077916e+00 1.199999999999999956e+00 -1.642480211081794295e+01 8.000000000000000000e+00
3.000000000000000000e+00 5.104065940872684060e-01 3.510406594087268406e+00 1.199999999999999956e+00 -1.609498680738786192e+01 8.000000000000000000e+00
3.000000000000000000e+00 5.050157263124112061e-01 3.505015726312411317e+00 1.199999999999999956e+00 -1.576517150395778444e+01 8.000000000000000000e+00
3.000000000000000000e+00 4.995502642171038565e-01 3.499550264217103912e+00 1.199999999999999956e+00 -1.543535620052770518e+01 8.000000000000000000e+00
3.000000000000000000e+00 4.940091756275150070e-01 3.494009175627514896e+00 1.199999999999999956e+00 -1.510554089709762593e+01 8.000000000000000000e+00
3.000000000000000000e+00 4.883914140874555665e-01 3.488391414087455455e+00 1.199999999999999956e+00 -1.477572559366754668e+01 8.000000000000000000e+00
3.000000000000000000e+00 4.826959186607504559e-01 3.482695918660750678e+00 1.199999999999999956e+00 -1.444591029023746742e+01 8.000000000000000000e+00
3.000000000000000000e+00 4.769216137308768810e-01 3.476921613730876714e+00 1.199999999999999956e+00 -1.411609498680738817e+01 8.000000000000000000e+00
3.000000000000000000e+00 4.710674087978301006e-01 3.471067408797829934e+00 1.199999999999999956e+00 -1.378627968337730891e+01 8.000000000000000000e+00
3.000000000000000000e+00 4.651321982721783876e-01 3.465132198272178332e+00 1.199999999999999956e+00 -1.345646437994722966e+01 8.000000000000000000e+00
3.000000000000000000e+00 4.591148612662677153e-01 3.459114861266267660e+00 1.199999999999999956e+00 -1.312664907651715041e+01 8.000000000000000000e+00
3.000000000000000000e+00 4.530142613825379749e-01 3.453014261382537864e+00 1.199999999999999956e+00 -1.279683377308707115e+01 8.000000000000000000e+00
3.000000000000000000e+00 4.468292464989099266e-01 3.446829246498909871e+00 1.199999999999999956e+00 -1.246701846965699190e+01 8.000000000000000000e+00
3.000000000000000000e+00 4.405586485512023587e-01 3.440558648551202303e+00 1.199999999999999956e+00 -1.213720316622691264e+01 8.000000000000000000e+00
3.000000000000000000e+00 4.342012833125388771e-01 3.434201283312539044e+00 1.199999999999999956e+00 -1.180738786279683339e+01 8.000000000000000000e+00
3.000000000000000000e+00 4.277559501697014710e-01 3.427755950169701471e+00 1.199999999999999956e+00 -1.147757255936675591e+01 8.000000000000000000e+00
3.000000000000000000e+00 4.212214318963905524e-01 3.421221431896390719e+00 1.199999999999999956e+00 -1.114775725593667666e+01 8.000000000000000000e+00
3.000000000000000000e+00 4.145964944233468397e-01 3.414596494423346673e+00 1.199999999999999956e+00 -1.081794195250659740e+01 8.000000000000000000e+00
3.000000000000000000e+00 4.078798866052925076e-01 3.407879886605292619e+00 1.199999999999999956e+00 -1.048812664907651815e+01 8.000000000000000000e+00
3.000000000000000000e+00 4.010703399846476391e-01 3.401070339984647806e+00 1.199999999999999956e+00 -1.015831134564643889e+01 8.000000000000000000e+00
3.000000000000000000e+00 3.941665685519770701e-01 3.394166568551977292e+00 1.199999999999999956e+00 -9.828496042216359641e+00 8.000000000000000000e+00
3.000000000000000000e+00 3.871672685031219974e-01 3.387167268503121775e+00 1.199999999999999956e+00 -9.498680738786280386e+00 8.000000000000000000e+00
3.000000000000000000e+00 3.800711179929726624e-01 3.380071117992972773e+00 1.199999999999999956e+00 -9.168865435356201132e+00 8.000000000000000000e+00
3.000000000000000000e+00 3.728767768858312071e-01 3.372876776885830985e+00 1.199999999999999956e+00 -8.839050131926121878e+00 8.000000000000000000e+00
3.000000000000000000e+00 3.655828865023232899e-01 3.365582886502323401e+00 1.199999999999999956e+00 -8.509234828496044400e+00 8.000000000000000000e+00
3.000000000000000000e+00 3.581880693628048951e-01 3.358188069362805006e+00 1.199999999999999956e+00 -8.179419525065963370e+00 8.000000000000000000e+00
3.000000000000000000e+00 3.506909289272209795e-01 3.350690928927221091e+00 1.199999999999999956e+00 -7.849604221635885892e+00 8.000000000000000000e+00
3.000000000000000000e+00 3.430900493313630006e-01 3.343090049331363112e+00 1.199999999999999956e+00 -7.519788918205804862e+00 8.000000000000000000e+00
3.000000000000000000e+00 3.353839951194769187e-01 3.335383995119476808e+00 1.199999999999999956e+00 -7.189973614775727384e+00 8.000000000000000000e+00
3.000000000000000000e+00 3.275713109731728245e-01 3.327571310973172825e+00 1.199999999999999956e+00 -6.860158311345646354e+00 8.000000000000000000e+00
3.000000000000000000e+00 3.196505214365819025e-01 3.319650521436582125e+00 1.199999999999999956e+00 -6.530343007915568876e+00 8.000000000000000000e+00
3.000000000000000000e+00 3.116201306377102132e-01 3.311620130637709991e+00 1.199999999999999956e+00 -6.200527704485487845e+00 8.000000000000000000e+00
3.000000000000000000e+00 3.034786220059384476e-01 3.303478622005938448e+00 1.199999999999999956e+00 -5.870712401055410368e+00 8.000000000000000000e+00
3.000000000000000000e+00 2.952244579856114770e-01 3.295224457985611366e+00 1.199999999999999956e+00 -5.540897097625329337e+00 8.000000000000000000e+00
3.000000000000000000e+00 2.868560797456640721e-01 3.286856079745664072e+00 1.199999999999999956e+00 -5.211081794195251859e+00 8.000000000000000000e+00
3.000000000000000000e+00 2.783719068852303913e-01 3.278371906885230391e+00 1.199999999999999956e+00 -4.881266490765170829e+00 8.000000000000000000e+00
3.000000000000000000e+00 2.697703371351793944e-01 3.269770337135179616e+00 1.199999999999999956e+00 -4.551451187335093351e+00 8.000000000000000000e+00
3.000000000000000000e+00 2.610497460555191163e-01 3.261049746055519005e+00 1.199999999999999956e+00 -4.221635883905012321e+00 8.000000000000000000e+00
3.000000000000000000e+00 2.522084867286155108e-01 3.252208486728615622e+00 1.199999999999999956e+00 -3.891820580474934843e+00 8.000000000000000000e+00
3.000000000000000000e+00 2.432448894481655799e-01 3.243244889448165580e+00 1.199999999999999956e+00 -3.562005277044857365e+00 8.000000000000000000e+00
3.000000000000000000e+00 2.341572614038661682e-01 3.234157261403866279e+00 1.199999999999999956e+00 -3.232189973614776335e+00 8.000000000000000000e+00
3.000000000000000000e+00 2.249438863617215789e-01 3.224943886361721468e+00 1.199999999999999956e+00 -2.902374670184698857e+00 8.000000000000000000e+00
3.000000000000000000e+00 2.156030243399241764e-01 3.215603024339924065e+00 1.199999999999999956e+00 -2.572559366754617827e+00 8.000000000000000000e+00
3.000000000000000000e+00 2.061329112802539054e-01 3.206132911280254127e+00 1.199999999999999956e+00 -2.242744063324540349e+00 8.000000000000000000e+00
3.000000000000000000e+00 1.965317587149276735e-01 3.196531758714927562e+00 1.199999999999999956e+00 -1.912928759894459319e+00 8.000000000000000000e+00
3.000000000000000000e+00 1.867977534288408625e-01 3.186797753428840974e+00 1.199999999999999956e+00 -1.583113456464381841e+00 8.000000000000000000e+00
3.000000000000000000e+00 1.769290571171341364e-01 3.176929057117134025e+00 1.199999999999999956e+00 -1.253298153034300810e+00 8.000000000000000000e+00
3.000000000000000000e+00 1.669238060380234812e-01 3.166923806038023592e+00 1.199999999999999956e+00 -9.234828496042233326e-01 8.000000000000000000e+00
3.000000000000000000e+00 1.567801106608235351e-01 3.156780110660823535e+00 1.199999999999999956e+00 -5.936675461741423021e-01 8.000000000000000000e+00
3.000000000000000000e+00 1.464960553091041451e-01 3.146496055309103923e+00 1.199999999999999956e+00 -2.638522427440648244e-01 8.000000000000000000e+00
3.000000000000000000e+00 1.360696977989058754e-01 3.136069697798905764e+00 1.199999999999999956e+00 6.596306068601620609e-02 8.000000000000000000e+00
3.000000000000000000e+00 1.254990690719525182e-01 3.125499069071952629e+00 1.199999999999999956e+00 3.957783641160936838e-01 8.000000000000000000e+00
3.000000000000000000e+00 1.147821728237851113e-01 3.114782172823785000e+00 1.199999999999999956e+00 7.255936675461747143e-01 8.000000000000000000e+00
3.000000000000000000e+00 1.039169851267538469e-01 3.103916985126753847e+00 1.199999999999999956e+00 1.055408970976252192e+00 8.000000000000000000e+00
3.000000000000000000e+00 9.290145404778937799e-02 3.092901454047789489e+00 1.199999999999999956e+00 1.385224274406333222e+00 8.000000000000000000e+00
3.000000000000000000e+00 8.173349926088924189e-02 3.081733499260889353e+00 1.199999999999999956e+00 1.715039577836410700e+00 8.000000000000000000e+00
3.000000000000000000e+00 7.041101165423901964e-02 3.070411011654238909e+00 1.199999999999999956e+00 2.044854881266488178e+00 8.000000000000000000e+00
3.000000000000000000e+00 5.893185293189839857e-02 3.058931852931898288e+00 1.199999999999999956e+00 2.374670184696569208e+00 8.000000000000000000e+00
3.000000000000000000e+00 4.729385520997642089e-02 3.047293855209976421e+00 1.199999999999999956e+00 2.704485488126646686e+00 8.000000000000000000e+00
3.000000000000000000e+00 3.549482060721698140e-02 3.035494820607216759e+00 1.199999999999999956e+00 3.034300791556727717e+00 8.000000000000000000e+00
3.000000000000000000e+00 2.353252082992163263e-02 3.023532520829921744e+00 1.199999999999999956e+00 3.364116094986805194e+00 8.000000000000000000e+00
3.000000000000000000e+00 1.140469675112631975e-02 3.011404696751126320e+00 1.199999999999999956e+00 3.693931398416886225e+00 8.000000000000000000e+00
3.000000000000000000e+00 0.000000000000000000e+00 3.000000000000000000e+00 1.199999999999999956e+00 4.023746701846963703e+00 8.000000000000000000e+00
3.000000000000000000e+00 0.000000000000000000e+00 3.000000000000000000e+00 1.199999999999999956e+00 4.353562005277044733e+00 8.000000000000000000e+00
3.000000000000000000e+00 0.000000000000000000e+00 3.000000000000000000e+00 1.199999999999999956e+00 4.683377308707122211e+00 8.000000000000000000e+00
3.000000000000000000e+00 0.000000000000000000e+00 3.000000000000000000e+00 1.199999999999999956e+00 5.013192612137203241e+00 8.000000000000000000e+00
3.000000000000000000e+00 0.000000000000000000e+00 3.000000000000000000e+00 1.199999999999999956e+00 5.343007915567280719e+00 8.000000000000000000e+00
3.000000000000000000e+00 0.000000000000000000e+00 3.000000000000000000e+00 1.199999999999999956e+00 5.672823218997361749e+00 8.000000000000000000e+00
3.000000000000000000e+00 0.000000000000000000e+00 3.000000000000000000e+00 1.199999999999999956e+00 6.002638522427439227e+00 8.000000000000000000e+00
3.000000000000000000e+00 0.000000000000000000e+00 3.000000000000000000e+00 1.199999999999999956e+00 6.332453825857520258e+00 8.000000000000000000e+00
3.000000000000000000e+00 0.000000000000000000e+00 3.000000000000000000e+00 1.199999999999999956e+00 6.662269129287597735e+00 8.000000000000000000e+00
3.000000000000000000e+00 0.000000000000000000e+00 3.000000000000000000e+00 1.199999999999999956e+00 6.992084432717675213e+00 8.000000000000000000e+00
3.000000000000000000e+00 0.000000000000000000e+00 3.000000000000000000e+00 1.199999999999999956e+00 7.321899736147756244e+00 8.000000000000000000e+00
3.000000000000000000e+00 0.000000000000000000e+00 3.000000000000000000e+00 1.199999999999999956e+00 7.651715039577837274e+00 8.000000000000000000e+00
3.000000000000000000e+00 0.000000000000000000e+00 3.000000000000000000e+00 1.199999999999999956e+00 7.981530343007911199e+00 8.000000000000000000e+00
3.000000000000000000e+00 0.000000000000000000e+00 3.000000000000000000e+00 1.199999999999999956e+00 8.311345646437992229e+00 8.000000000000000000e+00
3.000000000000000000e+00 0.000000000000000000e+00 3.000000000000000000e+00 1.199999999999999956e+00 8.641160949868073260e+00 8.000000000000000000e+00
3.000000000000000000e+00 0.000000000000000000e+00 3.000000000000000000e+00 1.199999999999999956e+00 8.970976253298154290e+00 8.000000000000000000e+00
3.000000000000000000e+00 0.000000000000000000e+00 3.000000000000000000e+00 1.199999999999999956e+00 9.300791556728228215e+00 8.000000000000000000e+00
3.000000000000000000e+00 0.000000000000000000e+00 3.000000000000000000e+00 1.199999999999999956e+00 9.630606860158309246e+00 8.000000000000000000e+00
3.000000000000000000e+00 0.000000000000000000e+00 3.000000000000000000e+00 1.199999999999999956e+00 9.960422163588390276e+00 8.000000000000000000e+00
3.000000000000000000e+00 0.000000000000000000e+00 3.000000000000000000e+00 1.199999999999999956e+00 1.029023746701847131e+01 8.000000000000000000e+00
3.000000000000000000e+00 0.000000000000000000e+00 3.000000000000000000e+00 1.199999999999999956e+00 1.062005277044854523e+01 8.000000000000000000e+00
3.000000000000000000e+00 0.000000000000000000e+00 3.000000000000000000e+00 1.199999999999999956e+00 1.094986807387862626e+01 8.000000000000000000e+00
3.000000000000000000e+00 0.000000000000000000e+00 3.000000000000000000e+00 1.199999999999999956e+00 1.127968337730870729e+01 8.000000000000000000e+00
3.000000000000000000e+00 0.000000000000000000e+00 3.000000000000000000e+00 1.199999999999999956e+00 1.160949868073878832e+01 8.000000000000000000e+00
3.000000000000000000e+00 0.000000000000000000e+00 3.000000000000000000e+00 1.199999999999999956e+00 1.193931398416886225e+01 8.000000000000000000e+00
3.000000000000000000e+00 0.000000000000000000e+00 3.000000000000000000e+00 1.199999999999999956e+00 1.226912928759894328e+01 8.000000000000000000e+00
3.000000000000000000e+00 0.000000000000000000e+00 3.000000000000000000e+00 1.199999999999999956e+00 1.259894459102902431e+01 8.000000000000000000e+00
3.000000000000000000e+00 0.000000000000000000e+00 3.000000000000000000e+00 1.199999999999999956e+00 1.292875989445909823e+01 8.000000000000000000e+00
3.000000000000000000e+00 0.000000000000000000e+00 3.000000000000000000e+00 1.199999999999999956e+00 1.325857519788917926e+01 8.000000000000000000e+00
3.000000000000000000e+00 0.000000000000000000e+00 3.000000000000000000e+00 1.199999999999999956e+00 1.358839050131926030e+01 8.000000000000000000e+00
3.000000000000000000e+00 0.000000000000000000e+00 3.000000000000000000e+00 1.199999999999999956e+00 1.391820580474934133e+01 8.000000000000000000e+00
3.000000000000000000e+00 0.000000000000000000e+00 3.000000000000000000e+00 1.199999999999999956e+00 1.424802110817941525e+01 8.000000000000000000e+00
3.000000000000000000e+00 0.000000000000000000e+00 3.000000000000000000e+00 1.199999999999999956e+00 1.457783641160949628e+01 8.000000000000000000e+00
3.000000000000000000e+00 0.000000000000000000e+00 3.000000000000000000e+00 1.199999999999999956e+00 1.490765171503957731e+01 8.000000000000000000e+00
3.000000000000000000e+00 0.000000000000000000e+00 3.000000000000000000e+00 1.199999999999999956e+00 1.523746701846965834e+01 8.000000000000000000e+00
3.000000000000000000e+00 0.000000000000000000e+00 3.000000000000000000e+00 1.199999999999999956e+00 1.556728232189973227e+01 8.000000000000000000e+00
3.000000000000000000e+00 0.000000000000000000e+00 3.000000000000000000e+00 1.199999999999999956e+00 1.589709762532981330e+01 8.000000000000000000e+00
3.000000000000000000e+00 0.000000000000000000e+00 3.000000000000000000e+00 1.199999999999999956e+00 1.622691292875989433e+01 8.000000000000000000e+00
3.000000000000000000e+00 0.000000000000000000e+00 3.000000000000000000e+00 1.199999999999999956e+00 1.655672823218997536e+01 8.000000000000000000e+00
3.000000000000000000e+00 0.000000000000000000e+00 3.000000000000000000e+00 1.199999999999999956e+00 1.688654353562004928e+01 8.000000000000000000e+00
3.000000000000000000e+00 0.000000000000000000e+00 3.000000000000000000e+00 1.199999999999999956e+00 1.721635883905013031e+01 8.000000000000000000e+00
3.000000000000000000e+00 0.000000000000000000e+00 3.000000000000000000e+00 1.199999999999999956e+00 1.754617414248021134e+01 8.000000000000000000e+00
3.000000000000000000e+00 0.000000000000000000e+00 3.000000000000000000e+00 1.199999999999999956e+00 1.787598944591028527e+01 8.000000000000000000e+00
3.000000000000000000e+00 0.000000000000000000e+00 3.000000000000000000e+00 1.199999999999999956e+00 1.820580474934036630e+01 8.000000000000000000e+00
3.000000000000000000e+00 0.000000000000000000e+00 3.000000000000000000e+00 1.199999999999999956e+00 1.853562005277044733e+01 8.000000000000000000e+00
3.000000000000000000e+00 0.000000000000000000e+00 3.000000000000000000e+00 1.199999999999999956e+00 1.886543535620052836e+01 8.000000000000000000e+00
3.000000000000000000e+00 0.000000000000000000e+00 3.000000000000000000e+00 1.199999999999999956e+00 1.919525065963060229e+01 8.000000000000000000e+00
3.000000000000000000e+00 0.000000000000000000e+00 3.000000000000000000e+00 1.199999999999999956e+00 1.952506596306068332e+01 8.000000000000000000e+00
3.000000000000000000e+00 0.000000000000000000e+00 3.000000000000000000e+00 1.199999999999999956e+00 1.985488126649076435e+01 8.000000000000000000e+00
3.000000000000000000e+00 0.000000000000000000e+00 3.000000000000000000e+00 1.199999999999999956e+00 2.018469656992084538e+01 8.000000000000000000e+00
3.000000000000000000e+00 0.000000000000000000e+00 3.000000000000000000e+00 1.199999999999999956e+00 2.051451187335091930e+01 8.000000000000000000e+00
3.000000000000000000e+00 0.000000000000000000e+00 3.000000000000000000e+00 1.199999999999999956e+00 2.084432717678100033e+01 8.000000000000000000e+00
3.000000000000000000e+00 0.000000000000000000e+00 3.000000000000000000e+00 1.199999999999999956e+00 2.117414248021108136e+01 8.000000000000000000e+00
3.000000000000000000e+00 0.000000000000000000e+00 3.000000000000000000e+00 1.199999999999999956e+00 2.150395778364116239e+01 8.000000000000000000e+00
3.000000000000000000e+00 0.000000000000000000e+00 3.000000000000000000e+00 1.199999999999999956e+00 2.183377308707123632e+01 8.000000000000000000e+00
3.000000000000000000e+00 0.000000000000000000e+00 3.000000000000000000e+00 1.199999999999999956e+00 2.216358839050131735e+01 8.000000000000000000e+00
3.000000000000000000e+00 0.000000000000000000e+00 3.000000000000000000e+00 1.199999999999999956e+00 2.249340369393139838e+01 8.000000000000000000e+00
3.000000000000000000e+00 0.000000000000000000e+00 3.000000000000000000e+00 1.199999999999999956e+00 2.282321899736147230e+01 8.000000000000000000e+00
3.000000000000000000e+00 0.000000000000000000e+00 3.000000000000000000e+00 1.199999999999999956e+00 2.315303430079155333e+01 8.000000000000000000e+00
3.000000000000000000e+00 0.000000000000000000e+00 3.000000000000000000e+00 1.199999999999999956e+00 2.348284960422163437e+01 8.000000000000000000e+00
3.000000000000000000e+00 0.000000000000000000e+00 3.000000000000000000e+00 1.199999999999999956e+00 2.381266490765171540e+01 8.000000000000000000e+00
3.000000000000000000e+00 0.000000000000000000e+00 3.000000000000000000e+00 1.199999999999999956e+00 2.414248021108178932e+01 8.000000000000000000e+00
3.000000000000000000e+00 0.000000000000000000e+00 3.000000000000000000e+00 1.199999999999999956e+00 2.447229551451187035e+01 8.000000000000000000e+00
3.000000000000000000e+00 0.000000000000000000e+00 3.000000000000000000e+00 1.199999999999999956e+00 2.480211081794195138e+01 8.000000000000000000e+00
3.000000000000000000e+00 0.000000000000000000e+00 3.000000000000000000e+00 1.199999999999999956e+00 2.513192612137203241e+01 8.000000000000000000e+00
3.000000000000000000e+00 0.000000000000000000e+00 3.000000000000000000e+00 1.199999999999999956e+00 2.546174142480210634e+01 8.000000000000000000e+00
3.000000000000000000e+00 0.000000000000000000e+00 3.000000000000000000e+00 1.199999999999999956e+00 2.579155672823218737e+01 8.000000000000000000e+00
3.000000000000000000e+00 0.000000000000000000e+00 3.000000000000000000e+00 1.199999999999999956e+00 2.612137203166226840e+01 8.000000000000000000e+00
3.000000000000000000e+00 0.000000000000000000e+00 3.000000000000000000e+00 1.199999999999999956e+00 2.645118733509234943e+01 8.000000000000000000e+00
3.000000000000000000e+00 0.000000000000000000e+00 3.000000000000000000e+00 1.199999999999999956e+00 2.678100263852242335e+01 8.000000000000000000e+00
3.000000000000000000e+00 0.000000000000000000e+00 3.000000000000000000e+00 1.199999999999999956e+00 2.711081794195250438e+01 8.000000000000000000e+00
3.000000000000000000e+00 0.000000000000000000e+00 3.000000000000000000e+00 1.199999999999999956e+00 2.744063324538258541e+01 8.000000000000000000e+00
3.000000000000000000e+00 0.000000000000000000e+00 3.000000000000000000e+00 1.199999999999999956e+00 2.777044854881266644e+01 8.000000000000000000e+00
3.000000000000000000e+00 0.000000000000000000e+00 3.000000000000000000e+00 1.199999999999999956e+00 2.810026385224274037e+01 8.000000000000000000e+00
3.000000000000000000e+00 0.000000000000000000e+00 3.000000000000000000e+00 1.199999999999999956e+00 2.843007915567282140e+01 8.000000000000000000e+00
3.000000000000000000e+00 0.000000000000000000e+00 3.000000000000000000e+00 1.199999999999999956e+00 2.875989445910290243e+01 8.000000000000000000e+00
3.000000000000000000e+00 0.000000000000000000e+00 3.000000000000000000e+00 1.199999999999999956e+00 2.908970976253297636e+01 8.000000000000000000e+00
3.000000000000000000e+00 0.000000000000000000e+00 3.000000000000000000e+00 1.199999999999999956e+00 2.941952506596305739e+01 8.000000000000000000e+00
3.000000000000000000e+00 0.000000000000000000e+00 3.000000000000000000e+00 1.199999999999999956e+00 2.974934036939313842e+01 8.000000000000000000e+00
3.000000000000000000e+00 0.000000000000000000e+00 3.000000000000000000e+00 1.199999999999999956e+00 3.007915567282321945e+01 8.000000000000000000e+00
3.000000000000000000e+00 0.000000000000000000e+00 3.000000000000000000e+00 1.199999999999999956e+00 3.040897097625329337e+01 8.000000000000000000e+00
3.000000000000000000e+00 0.000000000000000000e+00 3.000000000000000000e+00 1.199999999999999956e+00 3.073878627968337440e+01 8.000000000000000000e+00
3.000000000000000000e+00 0.000000000000000000e+00 3.000000000000000000e+00 1.199999999999999956e+00 3.106860158311345543e+01 8.000000000000000000e+00
3.000000000000000000e+00 0.000000000000000000e+00 3.000000000000000000e+00 1.199999999999999956e+00 3.139841688654353646e+01 8.000000000000000000e+00
3.000000000000000000e+00 0.000000000000000000e+00 3.000000000000000000e+00 1.199999999999999956e+00 3.172823218997361039e+01 8.000000000000000000e+00
3.000000000000000000e+00 0.000000000000000000e+00 3.000000000000000000e+00 1.199999999999999956e+00 3.205804749340369142e+01 8.000000000000000000e+00
3.000000000000000000e+00 0.000000000000000000e+00 3.000000000000000000e+00 1.199999999999999956e+00 3.238786279683377245e+01 8.000000000000000000e+00
3.000000000000000000e+00 0.000000000000000000e+00 3.000000000000000000e+00 1.199999999999999956e+00 3.271767810026385348e+01 8.000000000000000000e+00
3.000000000000000000e+00 0.000000000000000000e+00 3.000000000000000000e+00 1.199999999999999956e+00 3.304749340369392741e+01 8.000000000000000000e+00
3.000000000000000000e+00 0.000000000000000000e+00 3.000000000000000000e+00 1.199999999999999956e+00 3.337730870712400844e+01 8.000000000000000000e+00
3.000000000000000000e+00 0.000000000000000000e+00 3.000000000000000000e+00 1.199999999999999956e+00 3.370712401055408947e+01 8.000000000000000000e+00
3.000000000000000000e+00 0.000000000000000000e+00 3.000000000000000000e+00 1.199999999999999956e+00 3.403693931398416339e+01 8.000000000000000000e+00
3.000000000000000000e+00 0.000000000000000000e+00 3.000000000000000000e+00 1.199999999999999956e+00 3.436675461741424442e+01 8.000000000000000000e+00
3.000000000000000000e+00 0.000000000000000000e+00 3.000000000000000000e+00 1.199999999999999956e+00 3.469656992084432545e+01 8.000000000000000000e+00
3.000000000000000000e+00 0.000000000000000000e+00 3.000000000000000000e+00 1.199999999999999956e+00 3.502638522427440648e+01 8.000000000000000000e+00
3.000000000000000000e+00 0.000000000000000000e+00 3.000000000000000000e+00 1.199999999999999956e+00 3.535620052770448041e+01 8.000000000000000000e+00
3.000000000000000000e+00 0.000000000000000000e+00 3.000000000000000000e+00 1.199999999999999956e+00 3.568601583113456144e+01 8.000000000000000000e+00
3.000000000000000000e+00 0.000000000000000000e+00 3.000000000000000000e+00 1.199999999999999956e+00 3.601583113456464247e+01 8.000000000000000000e+00
3.000000000000000000e+00 0.000000000000000000e+00 3.000000000000000000e+00 1.199999999999999956e+00 3.634564643799472350e+01 8.000000000000000000e+00
3.000000000000000000e+00 0.000000000000000000e+00 3.000000000000000000e+00 1.199999999999999956e+00 3.667546174142479742e+01 8.000000000000000000e+00
3.000000000000000000e+00 0.000000000000000000e+00 3.000000000000000000e+00 1.199999999999999956e+00 3.700527704485487845e+01 8.000000000000000000e+00
3.000000000000000000e+00 0.000000000000000000e+00 3.000000000000000000e+00 1.199999999999999956e+00 3.733509234828495948e+01 8.000000000000000000e+00
3.000000000000000000e+00 0.000000000000000000e+00 3.000000000000000000e+00 1.199999999999999956e+00 3.766490765171504052e+01 8.000000000000000000e+00
3.000000000000000000e+00 0.000000000000000000e+00 3.000000000000000000e+00 1.199999999999999956e+00 3.799472295514511444e+01 8.000000000000000000e+00
3.000000000000000000e+00 0.000000000000000000e+00 3.000000000000000000e+00 1.199999999999999956e+00 3.832453825857519547e+01 8.000000000000000000e+00
3.000000000000000000e+00 0.000000000000000000e+00 3.000000000000000000e+00 1.199999999999999956e+00 3.865435356200527650e+01 8.000000000000000000e+00
3.000000000000000000e+00 0.000000000000000000e+00 3.000000000000000000e+00 1.199999999999999956e+00 3.898416886543535043e+01 8.000000000000000000e+00
3.000000000000000000e+00 0.000000000000000000e+00 3.000000000000000000e+00 1.199999999999999956e+00 3.931398416886543146e+01 8.000000000000000000e+00
3.000000000000000000e+00 0.000000000000000000e+00 3.000000000000000000e+00 1.199999999999999956e+00 3.964379947229551249e+01 8.000000000000000000e+00
3.000000000000000000e+00 0.000000000000000000e+00 3.000000000000000000e+00 1.199999999999999956e+00 3.997361477572559352e+01 8.000000000000000000e+00
3.000000000000000000e+00 0.000000000000000000e+00 3.000000000000000000e+00 1.199999999999999956e+00 4.030343007915567455e+01 8.000000000000000000e+00
3.000000000000000000e+00 0.000000000000000000e+00 3.000000000000000000e+00 1.199999999999999956e+00 4.063324538258575558e+01 8.000000000000000000e+00
3.000000000000000000e+00 0.000000000000000000e+00 3.000000000000000000e+00 1.199999999999999956e+00 4.096306068601582240e+01 8.000000000000000000e+00
3.000000000000000000e+00 0.000000000000000000e+00 3.000000000000000000e+00 1.199999999999999956e+00 4.129287598944590343e+01 8.000000000000000000e+00
3.000000000000000000e+00 0.000000000000000000e+00 3.000000000000000000e+00 1.199999999999999956e+00 4.162269129287598446e+01 8.000000000000000000e+00
3.000000000000000000e+00 0.000000000000000000e+00 3.000000000000000000e+00 1.199999999999999956e+00 4.195250659630606549e+01 8.000000000000000000e+00
3.000000000000000000e+00 0.000000000000000000e+00 3.000000000000000000e+00 1.199999999999999956e+00 4.228232189973614652e+01 8.000000000000000000e+00
3.000000000000000000e+00 0.000000000000000000e+00 3.000000000000000000e+00 1.199999999999999956e+00 4.261213720316622755e+01 8.000000000000000000e+00
3.000000000000000000e+00 0.000000000000000000e+00 3.000000000000000000e+00 1.199999999999999956e+00 4.294195250659630858e+01 8.000000000000000000e+00
3.000000000000000000e+00 0.000000000000000000e+00 3.000000000000000000e+00 1.199999999999999956e+00 4.327176781002638961e+01 8.000000000000000000e+00
3.000000000000000000e+00 0.000000000000000000e+00 3.000000000000000000e+00 1.199999999999999956e+00 4.360158311345645643e+01 8.000000000000000000e+00
3.000000000000000000e+00 0.000000000000000000e+00 3.000000000000000000e+00 1.199999999999999956e+00 4.393139841688653746e+01 8.000000000000000000e+00
3.000000000000000000e+00 0.000000000000000000e+00 3.000000000000000000e+00 1.199999999999999956e+00 4.426121372031661849e+01 8.000000000000000000e+00
3.000000000000000000e+00 0.000000000000000000e+00 3.000000000000000000e+00 1.199999999999999956e+00 4.459102902374669952e+01 8.000000000000000000e+00
3.000000000000000000e+00 0.000000000000000000e+00 3.000000000000000000e+00 1.199999999999999956e+00 4.492084432717678055e+01 8.000000000000000000e+00
3.000000000000000000e+00 0.000000000000000000e+00 3.000000000000000000e+00 1.199999999999999956e+00 4.525065963060686158e+01 8.000000000000000000e+00
3.000000000000000000e+00 0.000000000000000000e+00 3.000000000000000000e+00 1.199999999999999956e+00 4.558047493403694261e+01 8.000000000000000000e+00
3.000000000000000000e+00 0.000000000000000000e+00 3.000000000000000000e+00 1.199999999999999956e+00 4.591029023746700943e+01 8.000000000000000000e+00
3.000000000000000000e+00 0.000000000000000000e+00 3.000000000000000000e+00 1.199999999999999956e+00 4.624010554089709046e+01 8.000000000000000000e+00
3.000000000000000000e+00 0.000000000000000000e+00 3.000000000000000000e+00 1.199999999999999956e+00 4.656992084432717149e+01 8.000000000000000000e+00
3.000000000000000000e+00 0.000000000000000000e+00 3.000000000000000000e+00 1.199999999999999956e+00 4.689973614775725252e+01 8.000000000000000000e+00
3.000000000000000000e+00 0.000000000000000000e+00 3.000000000000000000e+00 1.199999999999999956e+00 4.722955145118733356e+01 8.000000000000000000e+00
3.000000000000000000e+00 0.000000000000000000e+00 3.000000000000000000e+00 1.199999999999999956e+00 4.755936675461741459e+01 8.000000000000000000e+00
3.000000000000000000e+00 0.000000000000000000e+00 3.000000000000000000e+00 1.199999999999999956e+00 4.788918205804749562e+01 8.000000000000000000e+00
3.000000000000000000e+00 0.000000000000000000e+00 3.000000000000000000e+00 1.199999999999999956e+00 4.821899736147757665e+01 8.000000000000000000e+00
3.000000000000000000e+00 0.000000000000000000e+00 3.000000000000000000e+00 1.199999999999999956e+00 4.854881266490764347e+01 8.000000000000000000e+00
3.000000000000000000e+00 0.000000000000000000e+00 3.000000000000000000e+00 1.199999999999999956e+00 4.887862796833772450e+01 8.000000000000000000e+00
3.000000000000000000e+00 0.000000000000000000e+00 3.000000000000000000e+00 1.199999999999999956e+00 4.920844327176780553e+01 8.000000000000000000e+00
3.000000000000000000e+00 0.000000000000000000e+00 3.000000000000000000e+00 1.199999999999999956e+00 4.953825857519788656e+01 8.000000000000000000e+00
3.000000000000000000e+00 0.000000000000000000e+00 3.000000000000000000e+00 1.199999999999999956e+00 4.986807387862796759e+01 8.000000000000000000e+00
3.000000000000000000e+00 0.000000000000000000e+00 3.000000000000000000e+00 1.199999999999999956e+00 5.019788918205804862e+01 8.000000000000000000e+00
3.000000000000000000e+00 0.000000000000000000e+00 3.000000000000000000e+00 1.199999999999999956e+00 5.052770448548812965e+01 8.000000000000000000e+00
3.000000000000000000e+00 0.000000000000000000e+00 3.000000000000000000e+00 1.199999999999999956e+00 5.085751978891819647e+01 8.000000000000000000e+00
3.000000000000000000e+00 0.000000000000000000e+00 3.000000000000000000e+00 1.199999999999999956e+00 5.118733509234827750e+01 8.000000000000000000e+00
3.000000000000000000e+00 0.000000000000000000e+00 3.000000000000000000e+00 1.199999999999999956e+00 5.151715039577835853e+01 8.000000000000000000e+00
3.000000000000000000e+00 0.000000000000000000e+00 3.000000000000000000e+00 1.199999999999999956e+00 5.184696569920843956e+01 8.000000000000000000e+00
3.000000000000000000e+00 0.000000000000000000e+00 3.000000000000000000e+00 1.199999999999999956e+00 5.217678100263852059e+01 8.000000000000000000e+00
3.000000000000000000e+00 0.000000000000000000e+00 3.000000000000000000e+00 1.199999999999999956e+00 5.250659630606860162e+01 8.000000000000000000e+00
3.000000000000000000e+00 0.000000000000000000e+00 3.000000000000000000e+00 1.199999999999999956e+00 5.283641160949868265e+01 8.000000000000000000e+00
3.000000000000000000e+00 0.000000000000000000e+00 3.000000000000000000e+00 1.199999999999999956e+00 5.316622691292876368e+01 8.000000000000000000e+00
3.000000000000000000e+00 0.000000000000000000e+00 3.000000000000000000e+00 1.199999999999999956e+00 5.349604221635883050e+01 8.000000000000000000e+00
3.000000000000000000e+00 0.000000000000000000e+00 3.000000000000000000e+00 1.199999999999999956e+00 5.382585751978891153e+01 8.000000000000000000e+00
3.000000000000000000e+00 0.000000000000000000e+00 3.000000000000000000e+00 1.199999999999999956e+00 5.415567282321899256e+01 8.000000000000000000e+00
3.000000000000000000e+00 0.000000000000000000e+00 3.000000000000000000e+00 1.199999999999999956e+00 5.448548812664907359e+01 8.000000000000000000e+00
3.000000000000000000e+00 0.000000000000000000e+00 3.000000000000000000e+00 1.199999999999999956e+00 5.481530343007915462e+01 8.000000000000000000e+00
3.000000000000000000e+00 0.000000000000000000e+00 3.000000000000000000e+00 1.199999999999999956e+00 5.514511873350923565e+01 8.000000000000000000e+00
3.000000000000000000e+00 0.000000000000000000e+00 3.000000000000000000e+00 1.199999999999999956e+00 5.547493403693931668e+01 8.000000000000000000e+00
3.000000000000000000e+00 0.000000000000000000e+00 3.000000000000000000e+00 1.199999999999999956e+00 5.580474934036938350e+01 8.000000000000000000e+00
3.000000000000000000e+00 0.000000000000000000e+00 3.000000000000000000e+00 1.199999999999999956e+00 5.613456464379946453e+01 8.000000000000000000e+00
3.000000000000000000e+00 0.000000000000000000e+00 3.000000000000000000e+00 1.199999999999999956e+00 5.646437994722954556e+01 8.000000000000000000e+00
3.000000000000000000e+00 0.000000000000000000e+00 3.000000000000000000e+00 1.199999999999999956e+00 5.679419525065962659e+01 8.000000000000000000e+00
3.000000000000000000e+00 0.000000000000000000e+00 3.000000000000000000e+00 1.199999999999999956e+00 5.712401055408970763e+01 8.000000000000000000e+00
3.000000000000000000e+00 0.000000000000000000e+00 3.000000000000000000e+00 1.199999999999999956e+00 5.745382585751978866e+01 8.000000000000000000e+00
3.000000000000000000e+00 0.000000000000000000e+00 3.000000000000000000e+00 1.199999999999999956e+00 5.778364116094986969e+01 8.000000000000000000e+00
3.000000000000000000e+00 0.000000000000000000e+00 3.000000000000000000e+00 1.199999999999999956e+00 5.811345646437995072e+01 8.000000000000000000e+00
3.000000000000000000e+00 0.000000000000000000e+00 3.000000000000000000e+00 1.199999999999999956e+00 5.844327176781001754e+01 8.000000000000000000e+00
3.000000000000000000e+00 0.000000000000000000e+00 3.000000000000000000e+00 1.199999999999999956e+00 5.877308707124009857e+01 8.000000000000000000e+00
3.000000000000000000e+00 0.000000000000000000e+00 3.000000000000000000e+00 1.199999999999999956e+00 5.910290237467017960e+01 8.000000000000000000e+00
3.000000000000000000e+00 0.000000000000000000e+00 3.000000000000000000e+00 1.199999999999999956e+00 5.943271767810026063e+01 8.000000000000000000e+00
3.000000000000000000e+00 0.000000000000000000e+00 3.000000000000000000e+00 1.199999999999999956e+00 5.976253298153034166e+01 8.000000000000000000e+00
3.000000000000000000e+00 0.000000000000000000e+00 3.000000000000000000e+00 1.199999999999999956e+00 6.009234828496042269e+01 8.000000000000000000e+00
3.000000000000000000e+00 0.000000000000000000e+00 3.000000000000000000e+00 1.199999999999999956e+00 6.042216358839050372e+01 8.000000000000000000e+00
3.000000000000000000e+00 0.000000000000000000e+00 3.000000000000000000e+00 1.199999999999999956e+00 6.075197889182057054e+01 8.000000000000000000e+00
3.000000000000000000e+00 0.000000000000000000e+00 3.000000000000000000e+00 1.199999999999999956e+00 6.108179419525065157e+01 8.000000000000000000e+00
3.000000000000000000e+00 0.000000000000000000e+00 3.000000000000000000e+00 1.199999999999999956e+00 6.141160949868073260e+01 8.000000000000000000e+00
3.000000000000000000e+00 0.000000000000000000e+00 3.000000000000000000e+00 1.199999999999999956e+00 6.174142480211081363e+01 8.000000000000000000e+00
3.000000000000000000e+00 0.000000000000000000e+00 3.000000000000000000e+00 1.199999999999999956e+00 6.207124010554089466e+01 8.000000000000000000e+00
3.000000000000000000e+00 0.000000000000000000e+00 3.000000000000000000e+00 1.199999999999999956e+00 6.240105540897097569e+01 8.000000000000000000e+00
3.000000000000000000e+00 0.000000000000000000e+00 3.000000000000000000e+00 1.199999999999999956e+00 6.273087071240105672e+01 8.000000000000000000e+00
3.000000000000000000e+00 0.000000000000000000e+00 3.000000000000000000e+00 1.199999999999999956e+00 6.306068601583113775e+01 8.000000000000000000e+00
3.000000000000000000e+00 0.000000000000000000e+00 3.000000000000000000e+00 1.199999999999999956e+00 6.339050131926120457e+01 8.000000000000000000e+00
3.000000000000000000e+00 0.000000000000000000e+00 3.000000000000000000e+00 1.199999999999999956e+00 6.372031662269128560e+01 8.000000000000000000e+00
3.000000000000000000e+00 0.000000000000000000e+00 3.000000000000000000e+00 1.199999999999999956e+00 6.405013192612136663e+01 8.000000000000000000e+00
3.000000000000000000e+00 0.000000000000000000e+00 3.000000000000000000e+00 1.199999999999999956e+00 6.437994722955144766e+01 8.000000000000000000e+00
3.000000000000000000e+00 0.000000000000000000e+00 3.000000000000000000e+00 1.199999999999999956e+00 6.470976253298152869e+01 8.000000000000000000e+00
3.000000000000000000e+00 0.000000000000000000e+00 3.000000000000000000e+00 1.199999999999999956e+00 6.503957783641160972e+01 8.000000000000000000e+00
3.000000000000000000e+00 0.000000000000000000e+00 3.000000000000000000e+00 1.199999999999999956e+00 6.536939313984169075e+01 8.000000000000000000e+00
3.000000000000000000e+00 0.000000000000000000e+00 3.000000000000000000e+00 1.199999999999999956e+00 6.569920844327175757e+01 8.000000000000000000e+00
3.000000000000000000e+00 0.000000000000000000e+00 3.000000000000000000e+00 1.199999999999999956e+00 6.602902374670183860e+01 8.000000000000000000e+00
3.000000000000000000e+00 0.000000000000000000e+00 3.000000000000000000e+00 1.199999999999999956e+00 6.635883905013191963e+01 8.000000000000000000e+00
3.000000000000000000e+00 0.000000000000000000e+00 3.000000000000000000e+00 1.199999999999999956e+00 6.668865435356200067e+01 8.000000000000000000e+00
3.000000000000000000e+00 0.000000000000000000e+00 3.000000000000000000e+00 1.199999999999999956e+00 6.701846965699208170e+01 8.000000000000000000e+00
3.000000000000000000e+00 0.000000000000000000e+00 3.000000000000000000e+00 1.199999999999999956e+00 6.734828496042216273e+01 8.000000000000000000e+00
3.000000000000000000e+00 0.000000000000000000e+00 3.000000000000000000e+00 1.199999999999999956e+00 6.767810026385224376e+01 8.000000000000000000e+00
3.000000000000000000e+00 0.000000000000000000e+00 3.000000000000000000e+00 1.199999999999999956e+00 6.800791556728232479e+01 8.000000000000000000e+00
3.000000000000000000e+00 0.000000000000000000e+00 3.000000000000000000e+00 1.199999999999999956e+00 6.833773087071239161e+01 8.000000000000000000e+00
3.000000000000000000e+00 0.000000000000000000e+00 3.000000000000000000e+00 1.199999999999999956e+00 6.866754617414247264e+01 8.000000000000000000e+00
3.000000000000000000e+00 0.000000000000000000e+00 3.000000000000000000e+00 1.199999999999999956e+00 6.899736147757255367e+01 8.000000000000000000e+00
3.000000000000000000e+00 0.000000000000000000e+00 3.000000000000000000e+00 1.199999999999999956e+00 6.932717678100263470e+01 8.000000000000000000e+00
3.000000000000000000e+00 0.000000000000000000e+00 3.000000000000000000e+00 1.199999999999999956e+00 6.965699208443271573e+01 8.000000000000000000e+00
3.000000000000000000e+00 0.000000000000000000e+00 3.000000000000000000e+00 1.199999999999999956e+00 6.998680738786279676e+01 8.000000000000000000e+00
3.000000000000000000e+00 0.000000000000000000e+00 3.000000000000000000e+00 1.199999999999999956e+00 7.031662269129287779e+01 8.000000000000000000e+00
3.000000000000000000e+00 0.000000000000000000e+00 3.000000000000000000e+00 1.199999999999999956e+00 7.064643799472294461e+01 8.000000000000000000e+00
3.000000000000000000e+00 0.000000000000000000e+00 3.000000000000000000e+00 1.199999999999999956e+00 7.097625329815302564e+01 8.000000000000000000e+00
3.000000000000000000e+00 0.000000000000000000e+00 3.000000000000000000e+00 1.199999999999999956e+00 7.130606860158310667e+01 8.000000000000000000e+00
3.000000000000000000e+00 0.000000000000000000e+00 3.000000000000000000e+00 1.199999999999999956e+00 7.163588390501318770e+01 8.000000000000000000e+00
3.000000000000000000e+00 0.000000000000000000e+00 3.000000000000000000e+00 1.199999999999999956e+00 7.196569920844326873e+01 8.000000000000000000e+00
3.000000000000000000e+00 0.000000000000000000e+00 3.000000000000000000e+00 1.199999999999999956e+00 7.229551451187334976e+01 8.000000000000000000e+00
3.000000000000000000e+00 0.000000000000000000e+00 3.000000000000000000e+00 1.199999999999999956e+00 7.262532981530343079e+01 8.000000000000000000e+00
3.000000000000000000e+00 0.000000000000000000e+00 3.000000000000000000e+00 1.199999999999999956e+00 7.295514511873351182e+01 8.000000000000000000e+00
3.000000000000000000e+00 0.000000000000000000e+00 3.000000000000000000e+00 1.199999999999999956e+00 7.328496042216357864e+01 8.000000000000000000e+00
3.000000000000000000e+00 0.000000000000000000e+00 3.000000000000000000e+00 1.199999999999999956e+00 7.361477572559365967e+01 8.000000000000000000e+00
3.000000000000000000e+00 0.000000000000000000e+00 3.000000000000000000e+00 1.199999999999999956e+00 7.394459102902374070e+01 8.000000000000000000e+00
3.000000000000000000e+00 0.000000000000000000e+00 3.000000000000000000e+00 1.199999999999999956e+00 7.427440633245382173e+01 8.000000000000000000e+00
3.000000000000000000e+00 0.000000000000000000e+00 3.000000000000000000e+00 1.199999999999999956e+00 7.460422163588390276e+01 8.000000000000000000e+00
3.000000000000000000e+00 0.000000000000000000e+00 3.000000000000000000e+00 1.199999999999999956e+00 7.493403693931398379e+01 8.000000000000000000e+00
3.000000000000000000e+00 0.000000000000000000e+00 3.000000000000000000e+00 1.199999999999999956e+00 7.526385224274406482e+01 8.000000000000000000e+00
3.000000000000000000e+00 0.000000000000000000e+00 3.000000000000000000e+00 1.199999999999999956e+00 7.559366754617413164e+01 8.000000000000000000e+00
3.000000000000000000e+00 0.000000000000000000e+00 3.000000000000000000e+00 1.199999999999999956e+00 7.592348284960421267e+01 8.000000000000000000e+00
3.000000000000000000e+00 0.000000000000000000e+00 3.000000000000000000e+00 1.199999999999999956e+00 7.625329815303429370e+01 8.000000000000000000e+00
3.000000000000000000e+00 0.000000000000000000e+00 3.000000000000000000e+00 1.199999999999999956e+00 7.658311345646437474e+01 8.000000000000000000e+00
3.000000000000000000e+00 0.000000000000000000e+00 3.000000000000000000e+00 1.199999999999999956e+00 7.691292875989445577e+01 8.000000000000000000e+00
3.000000000000000000e+00 0.000000000000000000e+00 3.000000000000000000e+00 1.199999999999999956e+00 7.724274406332453680e+01 8.000000000000000000e+00
3.000000000000000000e+00 0.000000000000000000e+00 3.000000000000000000e+00 1.199999999999999956e+00 7.757255936675461783e+01 8.000000000000000000e+00
3.000000000000000000e+00 0.000000000000000000e+00 3.000000000000000000e+00 1.199999999999999956e+00 7.790237467018469886e+01 8.000000000000000000e+00
3.000000000000000000e+00 0.000000000000000000e+00 3.000000000000000000e+00 1.199999999999999956e+00 7.823218997361476568e+01 8.000000000000000000e+00
3.000000000000000000e+00 0.000000000000000000e+00 3.000000000000000000e+00 1.199999999999999956e+00 7.856200527704484671e+01 8.000000000000000000e+00
3.000000000000000000e+00 0.000000000000000000e+00 3.000000000000000000e+00 1.199999999999999956e+00 7.889182058047492774e+01 8.000000000000000000e+00
3.000000000000000000e+00 0.000000000000000000e+00 3.000000000000000000e+00 1.199999999999999956e+00 7.922163588390500877e+01 8.000000000000000000e+00
3.000000000000000000e+00 0.000000000000000000e+00 3.000000000000000000e+00 1.199999999999999956e+00 7.955145118733508980e+01 8.000000000000000000e+00
3.000000000000000000e+00 0.000000000000000000e+00 3.000000000000000000e+00 1.199999999999999956e+00 7.988126649076517083e+01 8.000000000000000000e+00
3.000000000000000000e+00 0.000000000000000000e+00 3.000000000000000000e+00 1.199999999999999956e+00 8.021108179419525186e+01 8.000000000000000000e+00
3.000000000000000000e+00 0.000000000000000000e+00 3.000000000000000000e+00 1.199999999999999956e+00 8.054089709762533289e+01 8.000000000000000000e+00
3.000000000000000000e+00 0.000000000000000000e+00 3.000000000000000000e+00 1.199999999999999956e+00 8.087071240105539971e+01 8.000000000000000000e+00
3.000000000000000000e+00 0.000000000000000000e+00 3.000000000000000000e+00 1.199999999999999956e+00 8.120052770448548074e+01 8.000000000000000000e+00
3.000000000000000000e+00 0.000000000000000000e+00 3.000000000000000000e+00 1.199999999999999956e+00 8.153034300791556177e+01 8.000000000000000000e+00
3.000000000000000000e+00 0.000000000000000000e+00 3.000000000000000000e+00 1.199999999999999956e+00 8.186015831134564280e+01 8.000000000000000000e+00
3.000000000000000000e+00 0.000000000000000000e+00 3.000000000000000000e+00 1.199999999999999956e+00 8.218997361477572383e+01 8.000000000000000000e+00
3.000000000000000000e+00 0.000000000000000000e+00 3.000000000000000000e+00 1.199999999999999956e+00 8.251978891820580486e+01 8.000000000000000000e+00
3.000000000000000000e+00 0.000000000000000000e+00 3.000000000000000000e+00 1.199999999999999956e+00 8.284960422163588589e+01 8.000000000000000000e+00
3.000000000000000000e+00 0.000000000000000000e+00 3.000000000000000000e+00 1.199999999999999956e+00 8.317941952506595271e+01 8.000000000000000000e+00
3.000000000000000000e+00 0.000000000000000000e+00 3.000000000000000000e+00 1.199999999999999956e+00 8.350923482849603374e+01 8.000000000000000000e+00
3.000000000000000000e+00 0.000000000000000000e+00 3.000000000000000000e+00 1.199999999999999956e+00 8.383905013192611477e+01 8.000000000000000000e+00
3.000000000000000000e+00 0.000000000000000000e+00 3.000000000000000000e+00 1.199999999999999956e+00 8.416886543535619580e+01 8.000000000000000000e+00
3.000000000000000000e+00 0.000000000000000000e+00 3.000000000000000000e+00 1.199999999999999956e+00 8.449868073878627683e+01 8.000000000000000000e+00
3.000000000000000000e+00 0.000000000000000000e+00 3.000000000000000000e+00 1.199999999999999956e+00 8.482849604221635786e+01 8.000000000000000000e+00
3.000000000000000000e+00 0.000000000000000000e+00 3.000000000000000000e+00 1.199999999999999956e+00 8.515831134564643889e+01 8.000000000000000000e+00
3.000000000000000000e+00 0.000000000000000000e+00 3.000000000000000000e+00 1.199999999999999956e+00 8.548812664907651993e+01 8.000000000000000000e+00
3.000000000000000000e+00 0.000000000000000000e+00 3.000000000000000000e+00 1.199999999999999956e+00 8.581794195250658674e+01 8.000000000000000000e+00
3.000000000000000000e+00 0.000000000000000000e+00 3.000000000000000000e+00 1.199999999999999956e+00 8.614775725593666778e+01 8.000000000000000000e+00
3.000000000000000000e+00 0.000000000000000000e+00 3.000000000000000000e+00 1.199999999999999956e+00 8.647757255936674881e+01 8.000000000000000000e+00
3.000000000000000000e+00 0.000000000000000000e+00 3.000000000000000000e+00 1.199999999999999956e+00 8.680738786279682984e+01 8.000000000000000000e+00
3.000000000000000000e+00 0.000000000000000000e+00 3.000000000000000000e+00 1.199999999999999956e+00 8.713720316622691087e+01 8.000000000000000000e+00
3.000000000000000000e+00 0.000000000000000000e+00 3.000000000000000000e+00 1.199999999999999956e+00 8.746701846965699190e+01 8.000000000000000000e+00
3.000000000000000000e+00 0.000000000000000000e+00 3.000000000000000000e+00 1.199999999999999956e+00 8.779683377308707293e+01 8.000000000000000000e+00
3.000000000000000000e+00 0.000000000000000000e+00 3.000000000000000000e+00 1.199999999999999956e+00 8.812664907651713975e+01 8.000000000000000000e+00
3.000000000000000000e+00 0.000000000000000000e+00 3.000000000000000000e+00 1.199999999999999956e+00 8.845646437994722078e+01 8.000000000000000000e+00
3.000000000000000000e+00 0.000000000000000000e+00 3.000000000000000000e+00 1.199999999999999956e+00 8.878627968337730181e+01 8.000000000000000000e+00
3.000000000000000000e+00 0.000000000000000000e+00 3.000000000000000000e+00 1.199999999999999956e+00 8.911609498680738284e+01 8.000000000000000000e+00
3.000000000000000000e+00 0.000000000000000000e+00 3.000000000000000000e+00 1.199999999999999956e+00 8.944591029023746387e+01 8.000000000000000000e+00
3.000000000000000000e+00 0.000000000000000000e+00 3.000000000000000000e+00 1.199999999999999956e+00 8.977572559366754490e+01 8.000000000000000000e+00
3.000000000000000000e+00 0.000000000000000000e+00 3.000000000000000000e+00 1.199999999999999956e+00 9.010554089709762593e+01 8.000000000000000000e+00
3.000000000000000000e+00 0.000000000000000000e+00 3.000000000000000000e+00 1.199999999999999956e+00 9.043535620052770696e+01 8.000000000000000000e+00
3.000000000000000000e+00 0.000000000000000000e+00 3.000000000000000000e+00 1.199999999999999956e+00 9.076517150395777378e+01 8.000000000000000000e+00
3.000000000000000000e+00 0.000000000000000000e+00 3.000000000000000000e+00 1.199999999999999956e+00 9.109498680738785481e+01 8.000000000000000000e+00
3.000000000000000000e+00 0.000000000000000000e+00 3.000000000000000000e+00 1.199999999999999956e+00 9.142480211081793584e+01 8.000000000000000000e+00
3.000000000000000000e+00 0.000000000000000000e+00 3.000000000000000000e+00 1.199999999999999956e+00 9.175461741424801687e+01 8.000000000000000000e+00
3.000000000000000000e+00 0.000000000000000000e+00 3.000000000000000000e+00 1.199999999999999956e+00 9.208443271767809790e+01 8.000000000000000000e+00
3.000000000000000000e+00 0.000000000000000000e+00 3.000000000000000000e+00 1.199999999999999956e+00 9.241424802110817893e+01 8.000000000000000000e+00
3.000000000000000000e+00 0.000000000000000000e+00 3.000000000000000000e+00 1.199999999999999956e+00 9.274406332453825996e+01 8.000000000000000000e+00
3.000000000000000000e+00 0.000000000000000000e+00 3.000000000000000000e+00 1.199999999999999956e+00 9.307387862796832678e+01 8.000000000000000000e+00
3.000000000000000000e+00 0.000000000000000000e+00 3.000000000000000000e+00 1.199999999999999956e+00 9.340369393139840781e+01 8.000000000000000000e+00
3.000000000000000000e+00 0.000000000000000000e+00 3.000000000000000000e+00 1.199999999999999956e+00 9.373350923482848884e+01 8.000000000000000000e+00
3.000000000000000000e+00 0.000000000000000000e+00 3.000000000000000000e+00 1.199999999999999956e+00 9.406332453825856987e+01 8.000000000000000000e+00
3.000000000000000000e+00 0.000000000000000000e+00 3.000000000000000000e+00 1.199999999999999956e+00 9.439313984168865090e+01 8.000000000000000000e+00
3.000000000000000000e+00 0.000000000000000000e+00 3.000000000000000000e+00 1.199999999999999956e+00 9.472295514511873193e+01 8.000000000000000000e+00
3.000000000000000000e+00 0.000000000000000000e+00 3.000000000000000000e+00 1.199999999999999956e+00 9.505277044854881296e+01 8.000000000000000000e+00
3.000000000000000000e+00 0.000000000000000000e+00 3.000000000000000000e+00 1.199999999999999956e+00 9.538258575197889400e+01 8.000000000000000000e+00
3.000000000000000000e+00 0.000000000000000000e+00 3.000000000000000000e+00 1.199999999999999956e+00 9.571240105540896081e+01 8.000000000000000000e+00
3.000000000000000000e+00 0.000000000000000000e+00 3.000000000000000000e+00 1.199999999999999956e+00 9.604221635883904185e+01 8.000000000000000000e+00
3.000000000000000000e+00 0.000000000000000000e+00 3.000000000000000000e+00 1.199999999999999956e+00 9.637203166226912288e+01 8.000000000000000000e+00
3.000000000000000000e+00 0.000000000000000000e+00 3.000000000000000000e+00 1.199999999999999956e+00 9.670184696569920391e+01 8.000000000000000000e+00
3.000000000000000000e+00 0.000000000000000000e+00 3.000000000000000000e+00 1.199999999999999956e+00 9.703166226912928494e+01 8.000000000000000000e+00
3.000000000000000000e+00 0.000000000000000000e+00 3.000000000000000000e+00 1.199999999999999956e+00 9.736147757255936597e+01 8.000000000000000000e+00
3.000000000000000000e+00 0.000000000000000000e+00 3.000000000000000000e+00 1.199999999999999956e+00 9.769129287598944700e+01 8.000000000000000000e+00
3.000000000000000000e+00 0.000000000000000000e+00 3.000000000000000000e+00 1.199999999999999956e+00 9.802110817941951382e+01 8.000000000000000000e+00
3.000000000000000000e+00 0.000000000000000000e+00 3.000000000000000000e+00 1.199999999999999956e+00 9.835092348284959485e+01 8.000000000000000000e+00
3.000000000000000000e+00 0.000000000000000000e+00 3.000000000000000000e+00 1.199999999999999956e+00 9.868073878627967588e+01 8.000000000000000000e+00
3.000000000000000000e+00 0.000000000000000000e+00 3.000000000000000000e+00 1.199999999999999956e+00 9.901055408970975691e+01 8.000000000000000000e+00
3.000000000000000000e+00 0.000000000000000000e+00 3.000000000000000000e+00 1.199999999999999956e+00 9.934036939313983794e+01 8.000000000000000000e+00
3.000000000000000000e+00 0.000000000000000000e+00 3.000000000000000000e+00 1.199999999999999956e+00 9.967018469656991897e+01 8.000000000000000000e+00
3.000000000000000000e+00 0.000000000000000000e+00 3.000000000000000000e+00 1.199999999999999956e+00 1.000000000000000000e+02 8.000000000000000000e+00
