-25 0.00108 0.00888 0.00108 1
-24.6 0.00124 0.0398 0.0135 1
-14.7 0.0259 0.0706 0.0228 1
-14.3 0.0293 0.101 0.0311 1
-13.9 0.0332 0.131 0.0333 1
-13.5 0.0375 0.161 0.0376 1
-13.1 0.0423 0.19 0.0423 1
-12.7 0.0478 0.219 0.0477 1
-12.3 0.054 0.246 0.0536 1
-11.9 0.0609 0.273 0.0603 1
-11.5 0.0687 0.298 0.0677 1
-11.1 0.0773 0.321 0.076 1
-10.7 0.087 0.345 0.0852 1
-10.3 0.0979 0.373 0.0953 1
-9.9 0.11 0.401 0.106 1
-9.5 0.123 0.435 0.119 1
-9.1 0.138 0.471 0.132 1
-8.7 0.155 0.509 0.147 0.951
-8.3 0.173 0.549 0.163 0.943
-7.9 0.193 0.59 0.18 0.936
-7.5 0.214 0.633 0.199 0.928
-7.1 0.238 0.676 0.219 0.919
-6.7 0.264 0.723 0.24 0.909
-6.3 0.292 0.771 0.262 0.898
-5.9 0.322 0.821 0.286 0.887
-5.5 0.355 0.871 0.31 0.874
-5.1 0.39 0.919 0.335 0.859
-4.7 0.427 0.964 0.36 0.844
-4.3 0.466 1.01 0.386 0.827
-3.9 0.508 1.04 0.411 0.808
-3.5 0.552 1.07 0.435 0.789
-3.1 0.598 1.09 0.459 0.768
-2.7 0.645 1.11 0.483 0.749
-2.3 0.695 1.12 0.5 0.72
2.2 1.29 1.12 0.502 0.389
2.6 1.34 1.11 0.489 0.364
3 1.39 1.1 0.465 0.334
3.4 1.44 1.08 0.441 0.307
3.8 1.48 1.05 0.417 0.281
4.2 1.52 1.01 0.392 0.257
4.6 1.56 0.975 0.367 0.235
5 1.6 0.931 0.341 0.213
5.4 1.64 0.883 0.316 0.193
5.8 1.67 0.834 0.292 0.175
6.2 1.7 0.784 0.268 0.158
6.6 1.73 0.735 0.245 0.142
7 1.76 0.688 0.224 0.128
7.4 1.78 0.643 0.204 0.114
7.8 1.8 0.6 0.185 0.103
8.2 1.82 0.559 0.167 0.0917
8.6 1.84 0.519 0.151 0.0819
9 1.86 0.48 0.136 0.0731
9.4 1.87 0.444 0.122 0.0651
9.8 1.89 0.409 0.109 0.058
10.2 1.9 0.376 0.098 0.0516
10.6 1.91 0.346 0.0876 0.0459
11 1.92 0.317 0.0781 0.0407
11.4 1.93 0.29 0.0697 0.0361
11.8 1.94 0.265 0.0621 0.032
12.2 1.94 0.242 0.0552 0.0284
12.6 1.95 0.22 0.0491 0.0252
13 1.96 0.201 0.0436 0.0223
13.4 1.96 0.182 0.0387 0.0197
13.8 1.97 0.166 0.0343 0.0175
14.2 1.97 0.15 0.0304 0.0154
14.6 1.97 0.136 0.027 0.0137
15 1.98 0.124 0.0239 0.0121
15.4 1.98 0.112 0.0211 0.0107
15.8 1.98 0.101 0.0187 0.00944
16.2 1.98 0.0914 0.0165 0.00834
16.6 1.99 0.0825 0.0146 0.00737
17 1.99 0.0745 0.0129 0.00651
17.4 1.99 0.0672 0.0114 0.00575
17.8 1.99 0.0606 0.0101 0.00508
18.2 1.99 0.0546 0.00893 0.00449
18.6 1.99 0.0492 0.00789 0.00396
19 1.99 0.0443 0.00697 0.0035
19.4 1.99 0.0398 0.00616 0.00309
19.8 2 0.0358 0.00544 0.00273
20.2 2 0.0322 0.0048 0.00241
20.6 2 0.029 0.00424 0.00212
21 2 0.026 0.00374 0.00187
21.4 2 0.0234 0.00331 0.00165
21.8 2 0.021 0.00292 0.00146
22.2 2 0.0188 0.00258 0.00129
22.6 2 0.0169 0.00228 0.00114
23 2 0.0152 0.00201 0.00101
23.4 2 0.0136 0.00177 0.000887
23.8 2 0.0122 0.00157 0.000783
24.2 2 0.0109 0.00138 0.000691
24.6 2 0.0098 0.00122 0.00061
25 2 0.00878 0.00108 0.000538
25.4 2 0.00787 0.00095 0.000475
25.8 2 0.00705 0.000838 0.000419
26.2 2 0.00631 0.00074 0.00037
26.6 2 0.00565 0.000653 0.000326
27 2 0.00505 0.000576 0.000288
27.4 2 0.00452 0.000509 0.000254
27.8 2 0.00405 0.000449 0.000224
28.2 2 0.00362 0.000396 0.000198
28.6 2 0.00324 0.00035 0.000175
29 2 0.00289 0.000309 0.000154
29.4 2 0.00259 0.000272 0.000136
29.8 2 0.00231 0.00024 0.00012
30.2 2 0.00207 0.000212 0.000106
30.6 2 0.00185 0.000187 9.35e-05
31 2 0.00165 0.000165 8.25e-05
31.4 2 0.00147 0.000146 7.29e-05
31.8 2 0.00132 0.000129 6.44e-05
32.2 2 0.00118 0.000114 5.68e-05
32.6 2 0.00105 0.0001 5.01e-05
33 2 0.000937 8.84e-05 4.42e-05
33.4 2 0.000836 7.8e-05 3.9e-05
33.8 2 0.000747 6.89e-05 3.44e-05
34.2 2 0.000666 6.08e-05 3.04e-05
34.6 2 0.000595 5.36e-05 2.68e-05
35 2 0.00053 4.73e-05 2.37e-05
35.4 2 0.000473 4.18e-05 2.09e-05
35.8 2 0.000422 3.69e-05 1.84e-05
36.2 2 0.000377 3.25e-05 1.63e-05
36.6 2 0.000336 2.87e-05 1.44e-05
37 2 0.000299 2.53e-05 1.27e-05
37.4 2 0.000267 2.24e-05 1.12e-05
37.8 2 0.000238 1.97e-05 9.87e-06
38.2 2 0.000212 1.74e-05 8.71e-06
38.6 2 0.000189 1.54e-05 7.69e-06
39 2 0.000168 1.36e-05 6.78e-06
39.4 2 0.00015 1.2e-05 5.98e-06
39.8 2 0.000134 1.06e-05 5.28e-06
40.2 2 0.000119 9.32e-06 4.66e-06
40.6 2 0.000106 8.23e-06 4.11e-06
41 2 9.46e-05 7.26e-06 3.63e-06
41.4 2 8.43e-05 6.41e-06 3.2e-06
41.8 2 7.5e-05 5.65e-06 2.83e-06
42.2 2 6.68e-05 4.99e-06 2.49e-06
42.6 2 5.95e-05 4.4e-06 2.2e-06
43 2 5.3e-05 3.89e-06 1.94e-06
43.4 2 4.72e-05 3.43e-06 1.71e-06
43.8 2 4.2e-05 3.03e-06 1.51e-06
44.2 2 3.74e-05 2.67e-06 1.34e-06
44.6 2 3.33e-05 2.36e-06 1.18e-06
45 2 2.97e-05 2.08e-06 1.04e-06
45.4 2 2.64e-05 1.83e-06 9.17e-07
45.8 2 2.35e-05 1.62e-06 8.09e-07
46.2 2 2.09e-05 1.43e-06 7.14e-07
46.6 2 1.86e-05 1.26e-06 6.31e-07
47 2 1.65e-05 1.11e-06 5.57e-07
47.4 2 1.47e-05 9.83e-07 4.91e-07
47.8 2 1.31e-05 8.67e-07 4.33e-07
48.2 2 1.17e-05 7.65e-07 3.82e-07
48.6 2 1.04e-05 6.75e-07 3.38e-07
49 2 9.22e-06 5.96e-07 2.98e-07
49.4 2 8.2e-06 5.26e-07 2.63e-07
49.8 2 7.29e-06 4.64e-07 2.32e-07
50.2 2 6.49e-06 4.1e-07 2.05e-07
50.6 2 5.77e-06 3.62e-07 1.81e-07
51 2 5.13e-06 3.19e-07 1.59e-07
51.4 2 4.56e-06 2.81e-07 1.41e-07
51.8 2 4.06e-06 2.48e-07 1.24e-07
52.2 2 3.61e-06 2.19e-07 1.1e-07
52.6 2 3.21e-06 1.93e-07 9.66e-08
53 2 2.85e-06 1.71e-07 8.53e-08
53.4 2 2.53e-06 1.51e-07 7.53e-08
53.8 2 2.25e-06 1.33e-07 6.65e-08
54.2 2 2e-06 1.17e-07 5.87e-08
54.6 2 1.78e-06 1.04e-07 5.18e-08
55 2 1.58e-06 9.14e-08 4.57e-08
55.4 2 1.41e-06 8.06e-08 4.03e-08
55.8 2 1.25e-06 7.12e-08 3.56e-08
56.2 2 1.11e-06 6.28e-08 3.14e-08
56.6 2 9.86e-07 5.54e-08 2.77e-08
57 2 8.76e-07 4.89e-08 2.45e-08
57.4 2 7.78e-07 4.31e-08 2.16e-08
57.8 2 6.92e-07 3.81e-08 1.9e-08
58.2 2 6.14e-07 3.36e-08 1.68e-08
58.6 2 5.46e-07 2.97e-08 1.48e-08
59 2 4.85e-07 2.62e-08 1.31e-08
59.4 2 4.31e-07 2.31e-08 1.16e-08
59.8 2 3.83e-07 2.04e-08 1.02e-08
60.2 2 3.4e-07 1.8e-08 9e-09
60.6 2 3.02e-07 1.59e-08 7.95e-09
61 2 2.68e-07 1.4e-08 7.01e-09
61.4 2 2.38e-07 1.24e-08 6.19e-09
61.8 2 2.11e-07 1.09e-08 5.47e-09
62.2 2 1.88e-07 9.64e-09 4.82e-09
62.6 2 1.67e-07 8.5e-09 4.25e-09
63 2 1.48e-07 7.5e-09 3.75e-09
63.4 2 1.32e-07 6.62e-09 3.31e-09
63.8 2 1.17e-07 5.84e-09 2.92e-09
64.2 2 1.04e-07 5.16e-09 2.58e-09
64.6 2 9.21e-08 4.55e-09 2.27e-09
65 2 8.17e-08 4.01e-09 2.01e-09
65.4 2 7.25e-08 3.54e-09 1.77e-09
65.8 2 6.44e-08 3.13e-09 1.56e-09
66.2 2 5.72e-08 2.76e-09 1.38e-09
66.6 2 5.07e-08 2.44e-09 1.22e-09
67 2 4.5e-08 2.15e-09 1.08e-09
67.4 2 4e-08 1.9e-09 9.49e-10
67.8 2 3.55e-08 1.67e-09 8.37e-10
68.2 2 3.15e-08 1.48e-09 7.38e-10
68.6 2 2.79e-08 1.3e-09 6.51e-10
69 2 2.48e-08 1.15e-09 5.75e-10
69.4 2 2.2e-08 1.02e-09 5.08e-10
69.8 2 1.95e-08 8.97e-10 4.48e-10
70.2 2 1.73e-08 7.91e-10 3.95e-10
70.6 2 1.54e-08 6.98e-10 3.49e-10
71 2 1.37e-08 6.16e-10 3.08e-10
71.4 2 1.21e-08 5.43e-10 2.72e-10
71.8 2 1.08e-08 4.8e-10 2.4e-10
72.2 2 9.55e-09 4.23e-10 2.12e-10
72.6 2 8.47e-09 3.73e-10 1.87e-10
73 2 7.52e-09 3.3e-10 1.65e-10
73.4 2 6.67e-09 2.91e-10 1.45e-10
73.8 2 5.92e-09 2.57e-10 1.28e-10
74.2 2 5.25e-09 2.27e-10 1.13e-10
74.6 2 4.65e-09 2e-10 1e-10
75 2 4.12e-09 1.77e-10 8.83e-11
75.4 2 3.65e-09 1.56e-10 7.78e-11
75.8 2 3.24e-09 1.37e-10 6.87e-11
76.2 2 2.87e-09 1.21e-10 6.06e-11
76.6 2 2.54e-09 1.07e-10 5.35e-11
77 2 2.25e-09 9.45e-11 4.72e-11
77.4 2 1.99e-09 8.34e-11 4.17e-11
77.8 2 1.76e-09 7.35e-11 3.68e-11
78.2 2 1.55e-09 6.49e-11 3.25e-11
78.6 2 1.37e-09 5.73e-11 2.86e-11
79 2 1.21e-09 5.05e-11 2.53e-11
79.4 2 1.07e-09 4.46e-11 2.23e-11
79.8 2 9.52e-10 3.94e-11 1.97e-11
80.2 2 8.48e-10 3.47e-11 1.74e-11
80.6 2 7.51e-10 3.07e-11 1.53e-11
81 2 6.62e-10 2.7e-11 1.35e-11
81.4 2 5.87e-10 2.39e-11 1.19e-11
81.8 2 5.22e-10 2.11e-11 1.05e-11
82.2 2 4.64e-10 1.86e-11 9.29e-12
82.6 2 4.17e-10 1.64e-11 8.2e-12
83 2 3.75e-10 1.45e-11 7.24e-12
83.4 2 3.34e-10 1.28e-11 6.39e-12
83.8 2 2.95e-10 1.13e-11 5.64e-12
84.2 2 2.6e-10 9.95e-12 4.98e-12
84.6 2 2.26e-10 8.78e-12 4.39e-12
85 2 2.01e-10 7.75e-12 3.87e-12
85.4 2 1.77e-10 6.84e-12 3.42e-12
85.8 2 1.53e-10 6.04e-12 3.02e-12
86.2 2 1.38e-10 5.33e-12 2.66e-12
86.6 2 1.22e-10 4.66e-12 2.33e-12
87.1 2 1.07e-10 4.05e-12 2.03e-12
87.5 2 9.7e-11 3.54e-12 1.77e-12
87.9 2 9.03e-11 3.14e-12 1.57e-12
88.3 2 8.22e-11 2.74e-12 1.37e-12
88.9 2 7.67e-11 2.36e-12 1.18e-12
89.3 2 7.36e-11 2.01e-12 1.01e-12
89.8 2 7.37e-11 1.72e-12 8.61e-13
90.3 2 7.39e-11 1.49e-12 7.47e-13
90.7 2 6.83e-11 1.28e-12 6.42e-13
91.3 2 6.6e-11 1.1e-12 5.51e-13
91.7 2 6.88e-11 9.27e-13 4.64e-13
92.5 2 7.22e-11 7.82e-13 3.91e-13
93 2 7.17e-11 6.28e-13 3.14e-13
93.6 2 7.72e-11 4.67e-13 2.33e-13
95.6 2 8.35e-11 3.14e-13 1.57e-13
96.8 2 8.38e-11 2e-13 1e-13
97.4 2 8.27e-11 1.52e-13 7.6e-14
98.1 2 8.27e-11 1.29e-13 6.44e-14
98.8 2 8.82e-11 1.04e-13 5.22e-14
99.4 2 8.99e-11 8.55e-14 4.27e-14
99.9 2 9.41e-11 7.84e-14 3.92e-14
