-15 0.116 0.431 0.11 1
-14.6 0.124 0.456 0.118 1
-14.2 0.134 0.48 0.126 1
-13.8 0.143 0.505 0.135 1
-13.4 0.154 0.531 0.144 0.936
-13 0.165 0.557 0.154 0.931
-12.6 0.177 0.583 0.164 0.926
-12.2 0.189 0.61 0.174 0.92
-11.8 0.203 0.638 0.185 0.914
-11.4 0.217 0.667 0.197 0.908
-11 0.232 0.697 0.209 0.901
-10.6 0.248 0.727 0.222 0.894
-10.2 0.265 0.758 0.235 0.887
-9.8 0.282 0.789 0.248 0.879
-9.4 0.301 0.82 0.262 0.871
-9 0.321 0.853 0.276 0.862
-8.6 0.341 0.888 0.291 0.852
-8.2 0.363 0.924 0.306 0.842
-7.8 0.386 0.959 0.321 0.831
-7.4 0.409 0.993 0.336 0.821
-7 0.434 1.02 0.351 0.809
-6.6 0.46 1.05 0.366 0.797
-6.2 0.486 1.08 0.381 0.784
-5.8 0.514 1.1 0.396 0.771
-5.4 0.543 1.12 0.411 0.757
-5 0.572 1.13 0.427 0.746
-4.6 0.603 1.13 0.438 0.727
4.5 1.39 1.13 0.44 0.316
4.9 1.42 1.13 0.43 0.303
5.3 1.45 1.12 0.415 0.286
5.7 1.48 1.1 0.4 0.271
6.1 1.51 1.08 0.385 0.256
6.5 1.53 1.06 0.37 0.241
6.9 1.56 1.03 0.355 0.228
7.3 1.58 1 0.34 0.214
7.7 1.61 0.968 0.324 0.202
8.1 1.63 0.933 0.309 0.19
8.5 1.65 0.897 0.294 0.178
8.9 1.67 0.862 0.28 0.167
9.3 1.69 0.828 0.266 0.157
9.7 1.71 0.797 0.252 0.147
10.1 1.73 0.765 0.238 0.138
10.5 1.75 0.734 0.225 0.129
10.9 1.76 0.704 0.212 0.12
11.3 1.78 0.674 0.2 0.112
11.7 1.79 0.645 0.188 0.105
12.1 1.81 0.616 0.177 0.098
12.5 1.82 0.588 0.166 0.0914
12.9 1.83 0.561 0.156 0.0852
13.3 1.84 0.534 0.146 0.0794
13.7 1.85 0.509 0.137 0.074
14.1 1.86 0.484 0.128 0.0688
14.5 1.87 0.46 0.12 0.0641
14.9 1.88 0.437 0.112 0.0596
15.3 1.89 0.415 0.105 0.0555
15.7 1.9 0.394 0.098 0.0516
16.1 1.9 0.373 0.0913 0.048
16.5 1.91 0.353 0.0853 0.0446
16.9 1.92 0.335 0.0795 0.0414
17.3 1.92 0.317 0.074 0.0385
17.7 1.93 0.299 0.0689 0.0357
18.1 1.93 0.283 0.0642 0.0332
18.5 1.94 0.267 0.0597 0.0308
18.9 1.94 0.253 0.0556 0.0286
19.3 1.95 0.238 0.0517 0.0265
19.7 1.95 0.225 0.048 0.0246
20.1 1.95 0.212 0.0446 0.0228
20.5 1.96 0.2 0.0415 0.0212
20.9 1.96 0.189 0.0385 0.0196
21.3 1.96 0.178 0.0358 0.0182
21.7 1.97 0.167 0.0332 0.0169
22.1 1.97 0.157 0.0308 0.0157
22.5 1.97 0.148 0.0286 0.0145
22.9 1.97 0.139 0.0266 0.0135
23.3 1.98 0.131 0.0246 0.0125
23.7 1.98 0.123 0.0229 0.0116
24.1 1.98 0.116 0.0212 0.0107
24.5 1.98 0.109 0.0197 0.00992
24.9 1.98 0.102 0.0182 0.0092
25.3 1.98 0.0962 0.0169 0.00853
25.7 1.98 0.0904 0.0157 0.0079
26.1 1.99 0.0849 0.0145 0.00732
26.5 1.99 0.0797 0.0135 0.00678
26.9 1.99 0.0748 0.0125 0.00629
27.3 1.99 0.0702 0.0116 0.00582
27.7 1.99 0.0658 0.0107 0.00539
28.1 1.99 0.0617 0.00993 0.00499
28.5 1.99 0.0579 0.00921 0.00463
28.9 1.99 0.0543 0.00854 0.00429
29.3 1.99 0.0509 0.00791 0.00397
29.7 1.99 0.0477 0.00733 0.00368
30.1 1.99 0.0447 0.00679 0.00341
30.5 1.99 0.0419 0.00629 0.00316
30.9 1.99 0.0392 0.00583 0.00292
31.3 1.99 0.037 0.0054 0.00271
31.7 1.99 0.0349 0.005 0.00251
32.1 2 0.0327 0.00463 0.00232
32.5 2 0.0306 0.00429 0.00215
32.9 2 0.0285 0.00397 0.00199
33.3 2 0.0264 0.00368 0.00184
33.7 2 0.0244 0.00341 0.00171
34.1 2 0.0224 0.00316 0.00158
34.5 2 0.0205 0.00292 0.00146
34.9 2 0.0187 0.00271 0.00135
35.3 2 0.017 0.00258 0.00129
35.7 2 0.0153 0.00218 0.00109
39.1 2 0.0137 0.00165 0.000823
39.5 2 0.0123 0.00118 0.000589
39.9 2 0.0109 0.000959 0.00048
40.3 2 0.00968 0.000962 0.000481
40.7 2 0.00855 0.00089 0.000445
41.1 2 0.00755 0.000824 0.000412
41.5 2 0.00667 0.000763 0.000381
41.9 2 0.00592 0.000706 0.000353
42.3 2 0.0053 0.000654 0.000327
42.7 2 0.00483 0.000606 0.000303
43.1 2 0.00449 0.000561 0.00028
43.5 2 0.0043 0.000519 0.00026
43.9 2 0.00425 0.000481 0.00024
44.3 2 0.00414 0.000445 0.000223
44.7 2 0.00386 0.000412 0.000206
45.1 2 0.0036 0.000382 0.000191
45.5 2 0.00336 0.000354 0.000177
45.9 2 0.00314 0.000327 0.000164
46.3 2 0.00293 0.000303 0.000152
46.7 2 0.00274 0.000281 0.00014
47.1 2 0.00255 0.00026 0.00013
47.5 2 0.00238 0.000241 0.00012
47.9 2 0.00222 0.000223 0.000111
48.3 2 0.00208 0.000206 0.000103
48.7 2 0.00194 0.000191 9.55e-05
49.1 2 0.00181 0.000177 8.85e-05
49.5 2 0.00169 0.000164 8.2e-05
49.9 2 0.00157 0.000152 7.6e-05
50.3 2 0.00147 0.000141 7.03e-05
50.7 2 0.00137 0.00013 6.51e-05
51.1 2 0.00128 0.00012 6.02e-05
51.5 2 0.00119 0.000111 5.57e-05
51.9 2 0.00111 0.000103 5.16e-05
52.3 2 0.00103 9.55e-05 4.78e-05
52.7 2 0.000965 8.86e-05 4.43e-05
53.1 2 0.0009 8.2e-05 4.1e-05
53.5 2 0.000839 7.59e-05 3.8e-05
53.9 2 0.000782 7.03e-05 3.52e-05
54.3 2 0.000729 6.51e-05 3.26e-05
54.7 2 0.00068 6.03e-05 3.01e-05
55.1 2 0.000634 5.58e-05 2.79e-05
55.5 2 0.000591 5.17e-05 2.58e-05
55.9 2 0.000551 4.79e-05 2.39e-05
56.3 2 0.000514 4.43e-05 2.22e-05
56.7 2 0.000479 4.1e-05 2.05e-05
57.1 2 0.000446 3.8e-05 1.9e-05
57.5 2 0.000416 3.52e-05 1.76e-05
57.9 2 0.000388 3.26e-05 1.63e-05
58.3 2 0.000361 3.02e-05 1.51e-05
58.7 2 0.000337 2.79e-05 1.4e-05
59.1 2 0.000314 2.59e-05 1.29e-05
59.5 2 0.000292 2.4e-05 1.2e-05
59.9 2 0.000272 2.22e-05 1.11e-05
60.3 2 0.000254 2.05e-05 1.03e-05
60.7 2 0.000236 1.9e-05 9.51e-06
61.1 2 0.00022 1.76e-05 8.81e-06
61.5 2 0.000205 1.63e-05 8.15e-06
61.9 2 0.000191 1.51e-05 7.55e-06
62.3 2 0.000178 1.4e-05 7e-06
62.7 2 0.000166 1.29e-05 6.47e-06
63.1 2 0.000154 1.2e-05 6e-06
63.5 2 0.000144 1.11e-05 5.55e-06
63.9 2 0.000134 1.03e-05 5.14e-06
64.3 2 0.000125 9.53e-06 4.76e-06
64.7 2 0.000116 8.81e-06 4.41e-06
65.1 2 0.000108 8.16e-06 4.08e-06
65.5 2 0.000101 7.56e-06 3.78e-06
65.9 2 9.39e-05 7e-06 3.5e-06
66.3 2 8.75e-05 6.48e-06 3.24e-06
66.7 2 8.15e-05 6e-06 3e-06
67.1 2 7.59e-05 5.56e-06 2.78e-06
67.5 2 7.06e-05 5.14e-06 2.57e-06
67.9 2 6.58e-05 4.76e-06 2.38e-06
68.3 2 6.12e-05 4.41e-06 2.2e-06
68.7 2 5.7e-05 4.08e-06 2.04e-06
69.1 2 5.31e-05 3.78e-06 1.89e-06
69.5 2 4.94e-05 3.5e-06 1.75e-06
69.9 2 4.6e-05 3.24e-06 1.62e-06
70.3 2 4.28e-05 3e-06 1.5e-06
70.7 2 3.99e-05 2.78e-06 1.39e-06
71.1 2 3.71e-05 2.57e-06 1.29e-06
71.5 2 3.46e-05 2.38e-06 1.19e-06
71.9 2 3.22e-05 2.21e-06 1.1e-06
72.3 2 2.99e-05 2.04e-06 1.02e-06
72.7 2 2.79e-05 1.89e-06 9.46e-07
73.1 2 2.59e-05 1.75e-06 8.76e-07
73.5 2 2.41e-05 1.62e-06 8.11e-07
73.9 2 2.25e-05 1.5e-06 7.51e-07
74.3 2 2.09e-05 1.39e-06 6.95e-07
74.7 2 1.95e-05 1.29e-06 6.44e-07
75.1 2 1.81e-05 1.19e-06 5.96e-07
75.5 2 1.69e-05 1.1e-06 5.52e-07
75.9 2 1.57e-05 1.02e-06 5.11e-07
76.3 2 1.46e-05 9.46e-07 4.73e-07
76.7 2 1.36e-05 8.77e-07 4.38e-07
77.1 2 1.26e-05 8.12e-07 4.06e-07
77.5 2 1.18e-05 7.52e-07 3.76e-07
77.9 2 1.09e-05 6.96e-07 3.48e-07
78.3 2 1.02e-05 6.45e-07 3.22e-07
78.7 2 9.48e-06 5.97e-07 2.98e-07
79.1 2 8.82e-06 5.53e-07 2.76e-07
79.5 2 8.2e-06 5.12e-07 2.56e-07
79.9 2 7.63e-06 4.74e-07 2.37e-07
80.3 2 7.1e-06 4.39e-07 2.19e-07
80.7 2 6.61e-06 4.06e-07 2.03e-07
81.1 2 6.15e-06 3.76e-07 1.88e-07
81.5 2 5.72e-06 3.48e-07 1.74e-07
81.9 2 5.32e-06 3.22e-07 1.61e-07
82.3 2 4.95e-06 2.99e-07 1.49e-07
82.7 2 4.6e-06 2.76e-07 1.38e-07
83.1 2 4.28e-06 2.56e-07 1.28e-07
83.5 2 3.98e-06 2.37e-07 1.19e-07
83.9 2 3.7e-06 2.2e-07 1.1e-07
84.3 2 3.45e-06 2.03e-07 1.02e-07
84.7 2 3.21e-06 1.88e-07 9.41e-08
85.1 2 2.98e-06 1.74e-07 8.72e-08
85.5 2 2.77e-06 1.61e-07 8.07e-08
85.9 2 2.58e-06 1.49e-07 7.47e-08
86.3 2 2.4e-06 1.38e-07 6.92e-08
86.7 2 2.23e-06 1.28e-07 6.41e-08
87.1 2 2.08e-06 1.19e-07 5.93e-08
87.5 2 1.93e-06 1.1e-07 5.5e-08
87.9 2 1.8e-06 1.02e-07 5.09e-08
88.3 2 1.67e-06 9.43e-08 4.71e-08
88.7 2 1.55e-06 8.72e-08 4.36e-08
89.1 2 1.44e-06 8.08e-08 4.04e-08
89.5 2 1.34e-06 7.48e-08 3.74e-08
89.9 2 1.25e-06 6.93e-08 3.46e-08
90.3 2 1.16e-06 6.41e-08 3.21e-08
90.7 2 1.08e-06 5.94e-08 2.97e-08
91.1 2 1e-06 5.5e-08 2.75e-08
91.5 2 9.33e-07 5.09e-08 2.55e-08
91.9 2 8.68e-07 4.71e-08 2.36e-08
92.3 2 8.07e-07 4.37e-08 2.18e-08
92.7 2 7.5e-07 4.04e-08 2.02e-08
93.1 2 6.98e-07 3.74e-08 1.87e-08
93.5 2 6.49e-07 3.47e-08 1.73e-08
93.9 2 6.03e-07 3.21e-08 1.61e-08
94.3 2 5.61e-07 2.97e-08 1.49e-08
94.7 2 5.21e-07 2.75e-08 1.38e-08
95.1 2 4.84e-07 2.55e-08 1.27e-08
95.5 2 4.48e-07 2.36e-08 1.18e-08
95.9 2 4.14e-07 2.18e-08 1.09e-08
96.3 2 3.82e-07 2.02e-08 1.01e-08
96.7 2 3.53e-07 1.87e-08 9.36e-09
97.1 2 3.27e-07 1.74e-08 8.68e-09
97.5 2 3.03e-07 1.61e-08 8.04e-09
97.9 2 2.83e-07 1.49e-08 7.45e-09
98.3 2 2.67e-07 1.38e-08 6.89e-09
98.7 2 2.54e-07 1.28e-08 6.38e-09
99.1 2 2.45e-07 1.17e-08 5.86e-09
99.5 2 2.41e-07 1.09e-08 5.45e-09
