-15 0.219 0.679 0.197 0.899
-14.6 0.23 0.703 0.206 0.895
-14.2 0.242 0.726 0.215 0.89
-13.8 0.254 0.75 0.225 0.884
-13.4 0.267 0.774 0.234 0.878
-13 0.28 0.797 0.244 0.872
-12.6 0.294 0.821 0.255 0.865
-12.2 0.309 0.846 0.265 0.859
-11.8 0.324 0.87 0.276 0.852
-11.4 0.339 0.894 0.286 0.844
-11 0.355 0.919 0.297 0.836
-10.6 0.372 0.945 0.308 0.828
-10.2 0.389 0.972 0.319 0.82
-9.8 0.407 1 0.33 0.811
-9.4 0.426 1.03 0.342 0.802
-9 0.445 1.05 0.353 0.793
-8.6 0.464 1.07 0.364 0.783
-8.2 0.485 1.1 0.375 0.774
-7.8 0.506 1.11 0.386 0.763
-7.4 0.527 1.13 0.397 0.753
-7 0.549 1.14 0.408 0.743
-6.6 0.571 1.14 0.419 0.733
-6.2 0.594 1.15 0.424 0.714
6.5 1.42 1.15 0.421 0.296
6.9 1.45 1.14 0.411 0.284
7.3 1.47 1.13 0.399 0.272
7.7 1.49 1.12 0.389 0.261
8.1 1.51 1.1 0.378 0.25
8.5 1.53 1.08 0.367 0.24
8.9 1.55 1.06 0.356 0.229
9.3 1.57 1.03 0.344 0.219
9.7 1.59 1.01 0.333 0.21
10.1 1.61 0.979 0.322 0.2
10.5 1.62 0.952 0.311 0.191
10.9 1.64 0.925 0.3 0.183
11.3 1.66 0.9 0.289 0.174
11.7 1.67 0.875 0.278 0.166
12.1 1.69 0.851 0.268 0.159
12.5 1.7 0.827 0.257 0.151
12.9 1.72 0.802 0.247 0.144
13.3 1.73 0.779 0.237 0.137
13.7 1.74 0.755 0.227 0.13
14.1 1.75 0.731 0.218 0.124
14.5 1.77 0.708 0.208 0.118
14.9 1.78 0.685 0.199 0.112
15.3 1.79 0.663 0.191 0.107
15.7 1.8 0.641 0.182 0.101
16.1 1.81 0.619 0.174 0.0961
16.5 1.82 0.598 0.166 0.0913
16.9 1.83 0.577 0.158 0.0867
17.3 1.84 0.557 0.151 0.0823
17.7 1.84 0.537 0.144 0.0781
18.1 1.85 0.517 0.137 0.0741
18.5 1.86 0.498 0.131 0.0703
18.9 1.87 0.48 0.124 0.0666
19.3 1.87 0.462 0.118 0.0631
19.7 1.88 0.444 0.113 0.0598
20.1 1.89 0.428 0.107 0.0567
20.5 1.89 0.411 0.102 0.0537
20.9 1.9 0.395 0.0966 0.0509
21.3 1.9 0.38 0.0918 0.0482
21.7 1.91 0.365 0.0872 0.0457
22.1 1.91 0.35 0.0828 0.0432
22.5 1.92 0.336 0.0785 0.0409
22.9 1.92 0.322 0.0745 0.0387
23.3 1.93 0.309 0.0707 0.0367
23.7 1.93 0.297 0.067 0.0347
24.1 1.93 0.284 0.0636 0.0329
24.5 1.94 0.273 0.0603 0.0311
24.9 1.94 0.261 0.0571 0.0294
25.3 1.94 0.25 0.0541 0.0278
25.7 1.95 0.24 0.0513 0.0263
26.1 1.95 0.23 0.0486 0.0249
26.5 1.95 0.22 0.046 0.0235
26.9 1.96 0.21 0.0435 0.0223
27.3 1.96 0.201 0.0412 0.0211
27.7 1.96 0.193 0.039 0.0199
28.1 1.96 0.184 0.0369 0.0188
28.5 1.96 0.176 0.0349 0.0178
28.9 1.97 0.169 0.0331 0.0168
29.3 1.97 0.161 0.0313 0.0159
29.7 1.97 0.154 0.0296 0.015
30.1 1.97 0.147 0.028 0.0142
30.5 1.97 0.141 0.0265 0.0134
30.9 1.97 0.134 0.0251 0.0127
31.3 1.98 0.128 0.0237 0.012
31.7 1.98 0.123 0.0224 0.0113
32.1 1.98 0.117 0.0212 0.0107
32.5 1.98 0.112 0.0201 0.0101
32.9 1.98 0.107 0.019 0.00957
33.3 1.98 0.102 0.0179 0.00905
33.7 1.98 0.0973 0.017 0.00855
34.1 1.98 0.0929 0.016 0.00808
34.5 1.99 0.0886 0.0151 0.00762
34.9 1.99 0.0846 0.0143 0.0072
35.3 1.99 0.0807 0.0135 0.0068
35.7 1.99 0.077 0.0128 0.00644
36.1 1.99 0.0734 0.0121 0.00609
36.5 1.99 0.07 0.0114 0.00575
36.9 1.99 0.0671 0.0108 0.00543
37.3 1.99 0.0651 0.0102 0.00513
37.7 1.99 0.0626 0.00965 0.00485
38.1 1.99 0.0598 0.00911 0.00458
38.5 1.99 0.0566 0.00861 0.00433
38.9 1.99 0.0531 0.00814 0.00409
39.3 1.99 0.0494 0.00769 0.00386
39.7 1.99 0.0456 0.00726 0.00365
40.1 1.99 0.0417 0.00686 0.00345
40.5 1.99 0.0378 0.00649 0.00326
40.9 1.99 0.0339 0.00636 0.00319
41.3 1.99 0.03 0.00578 0.0029
41.7 1.99 0.0263 0.00408 0.00205
52.6 2 0.0227 0.00215 0.00108
53 2 0.0193 0.000869 0.000435
53.4 2 0.0162 0.00103 0.000516
53.8 2 0.0133 0.000975 0.000487
54.2 2 0.0107 0.000921 0.000461
54.6 2 0.00853 0.00087 0.000435
55 2 0.0067 0.000822 0.000411
55.4 2 0.00527 0.000776 0.000388
55.8 2 0.00429 0.000733 0.000367
56.2 2 0.00378 0.000692 0.000346
56.6 2 0.00376 0.000654 0.000327
57 2 0.00425 0.000618 0.000309
57.4 2 0.0053 0.000583 0.000292
57.8 2 0.00503 0.000551 0.000275
58.2 2 0.00478 0.000521 0.00026
58.6 2 0.00455 0.000492 0.000246
59 2 0.00432 0.000464 0.000232
59.4 2 0.00411 0.000439 0.000219
59.8 2 0.0039 0.000414 0.000207
60.2 2 0.00371 0.000391 0.000196
60.6 2 0.00352 0.000369 0.000185
61 2 0.00335 0.000349 0.000174
61.4 2 0.00318 0.00033 0.000165
61.8 2 0.00302 0.000311 0.000156
62.2 2 0.00287 0.000294 0.000147
62.6 2 0.00273 0.000278 0.000139
63 2 0.00259 0.000262 0.000131
63.4 2 0.00246 0.000248 0.000124
63.8 2 0.00234 0.000234 0.000117
64.2 2 0.00222 0.000221 0.000111
64.6 2 0.00211 0.000209 0.000104
65 2 0.002 0.000197 9.86e-05
65.4 2 0.0019 0.000186 9.31e-05
65.8 2 0.00181 0.000176 8.79e-05
66.2 2 0.00172 0.000166 8.3e-05
66.6 2 0.00163 0.000157 7.84e-05
67 2 0.00155 0.000148 7.41e-05
67.4 2 0.00147 0.00014 6.99e-05
67.8 2 0.0014 0.000132 6.61e-05
68.2 2 0.00132 0.000125 6.24e-05
68.6 2 0.00126 0.000118 5.9e-05
69 2 0.00119 0.000111 5.57e-05
69.4 2 0.00113 0.000105 5.26e-05
69.8 2 0.00108 9.93e-05 4.97e-05
70.2 2 0.00102 9.38e-05 4.69e-05
70.6 2 0.000971 8.86e-05 4.43e-05
71 2 0.000922 8.37e-05 4.18e-05
71.4 2 0.000875 7.9e-05 3.95e-05
71.8 2 0.00083 7.46e-05 3.73e-05
72.2 2 0.000788 7.05e-05 3.52e-05
72.6 2 0.000748 6.66e-05 3.33e-05
73 2 0.00071 6.29e-05 3.14e-05
73.4 2 0.000674 5.94e-05 2.97e-05
73.8 2 0.00064 5.61e-05 2.8e-05
74.2 2 0.000608 5.3e-05 2.65e-05
74.6 2 0.000577 5e-05 2.5e-05
75 2 0.000547 4.72e-05 2.36e-05
75.4 2 0.00052 4.46e-05 2.23e-05
75.8 2 0.000493 4.21e-05 2.11e-05
76.2 2 0.000468 3.98e-05 1.99e-05
76.6 2 0.000444 3.76e-05 1.88e-05
77 2 0.000421 3.55e-05 1.77e-05
77.4 2 0.0004 3.35e-05 1.68e-05
77.8 2 0.00038 3.17e-05 1.58e-05
78.2 2 0.00036 2.99e-05 1.5e-05
78.6 2 0.000342 2.83e-05 1.41e-05
79 2 0.000324 2.67e-05 1.33e-05
79.4 2 0.000308 2.52e-05 1.26e-05
79.8 2 0.000292 2.38e-05 1.19e-05
80.2 2 0.000277 2.25e-05 1.12e-05
80.6 2 0.000263 2.12e-05 1.06e-05
81 2 0.000249 2e-05 1e-05
81.4 2 0.000237 1.89e-05 9.46e-06
81.8 2 0.000225 1.79e-05 8.94e-06
82.2 2 0.000213 1.69e-05 8.45e-06
82.6 2 0.000202 1.6e-05 7.98e-06
83 2 0.000192 1.51e-05 7.53e-06
83.4 2 0.000182 1.42e-05 7.11e-06
83.8 2 0.000173 1.34e-05 6.71e-06
84.2 2 0.000164 1.27e-05 6.34e-06
84.6 2 0.000155 1.2e-05 5.99e-06
85 2 0.000147 1.13e-05 5.65e-06
85.4 2 0.00014 1.07e-05 5.34e-06
85.8 2 0.000133 1.01e-05 5.05e-06
86.2 2 0.000126 9.54e-06 4.77e-06
86.6 2 0.000119 9.01e-06 4.5e-06
87 2 0.000113 8.51e-06 4.25e-06
87.4 2 0.000107 8.04e-06 4.02e-06
87.8 2 0.000102 7.59e-06 3.8e-06
88.2 2 9.66e-05 7.17e-06 3.58e-06
88.6 2 9.16e-05 6.77e-06 3.39e-06
89 2 8.69e-05 6.39e-06 3.2e-06
89.4 2 8.24e-05 6.04e-06 3.02e-06
89.8 2 7.81e-05 5.7e-06 2.85e-06
90.2 2 7.41e-05 5.38e-06 2.69e-06
90.6 2 7.03e-05 5.09e-06 2.54e-06
91 2 6.66e-05 4.8e-06 2.4e-06
91.4 2 6.32e-05 4.54e-06 2.27e-06
91.8 2 5.99e-05 4.29e-06 2.14e-06
92.2 2 5.68e-05 4.05e-06 2.02e-06
92.6 2 5.39e-05 3.82e-06 1.91e-06
93 2 5.11e-05 3.61e-06 1.81e-06
93.4 2 4.85e-05 3.41e-06 1.7e-06
93.8 2 4.6e-05 3.22e-06 1.61e-06
94.2 2 4.36e-05 3.04e-06 1.52e-06
94.6 2 4.13e-05 2.87e-06 1.44e-06
95 2 3.92e-05 2.71e-06 1.36e-06
95.4 2 3.7e-05 2.56e-06 1.28e-06
95.8 2 3.49e-05 2.42e-06 1.21e-06
96.2 2 3.29e-05 2.29e-06 1.14e-06
96.6 2 3.1e-05 2.16e-06 1.08e-06
97 2 2.93e-05 2.04e-06 1.02e-06
97.4 2 2.78e-05 1.93e-06 9.63e-07
97.8 2 2.64e-05 1.82e-06 9.09e-07
98.2 2 2.53e-05 1.72e-06 8.59e-07
98.6 2 2.44e-05 1.62e-06 8.11e-07
99 2 2.37e-05 1.53e-06 7.64e-07
99.4 2 2.33e-05 1.44e-06 7.21e-07
99.8 2 2.32e-05 1.41e-06 7.04e-07
