-15 0.324 0.877 0.274 0.845
-14.6 0.337 0.896 0.283 0.84
-14.2 0.349 0.916 0.291 0.835
-13.8 0.362 0.935 0.3 0.828
-13.4 0.375 0.955 0.308 0.821
-13 0.389 0.974 0.317 0.815
-12.6 0.403 0.994 0.325 0.808
-12.2 0.417 1.02 0.334 0.801
-11.8 0.432 1.04 0.343 0.794
-11.4 0.447 1.06 0.351 0.786
-11 0.462 1.08 0.36 0.779
-10.6 0.478 1.1 0.368 0.771
-10.2 0.494 1.11 0.377 0.763
-9.8 0.51 1.13 0.385 0.755
-9.4 0.527 1.14 0.394 0.747
-9 0.545 1.15 0.402 0.739
-8.6 0.562 1.15 0.411 0.731
-8.2 0.58 1.16 0.417 0.718
8.3 1.43 1.16 0.416 0.292
8.7 1.44 1.15 0.409 0.283
9.1 1.46 1.15 0.4 0.274
9.5 1.48 1.14 0.392 0.265
9.9 1.49 1.12 0.383 0.257
10.3 1.51 1.11 0.375 0.248
10.7 1.53 1.09 0.366 0.24
11.1 1.54 1.07 0.358 0.232
11.5 1.56 1.05 0.349 0.224
11.9 1.57 1.03 0.34 0.217
12.3 1.59 1.01 0.332 0.209
12.7 1.6 0.989 0.323 0.202
13.1 1.61 0.969 0.315 0.195
13.5 1.63 0.95 0.306 0.188
13.9 1.64 0.93 0.297 0.181
14.3 1.65 0.911 0.289 0.175
14.7 1.67 0.891 0.281 0.168
15.1 1.68 0.872 0.272 0.162
15.5 1.69 0.853 0.264 0.156
15.9 1.7 0.834 0.256 0.15
16.3 1.71 0.814 0.248 0.145
16.7 1.72 0.795 0.24 0.14
17.1 1.73 0.776 0.233 0.134
17.5 1.74 0.758 0.225 0.129
17.9 1.75 0.739 0.218 0.124
18.3 1.76 0.721 0.211 0.12
18.7 1.77 0.703 0.204 0.115
19.1 1.78 0.685 0.197 0.11
19.5 1.79 0.667 0.19 0.106
19.9 1.8 0.65 0.183 0.102
20.3 1.81 0.633 0.177 0.098
20.7 1.81 0.616 0.171 0.0942
21.1 1.82 0.599 0.165 0.0905
21.5 1.83 0.583 0.159 0.0869
21.9 1.83 0.566 0.153 0.0834
22.3 1.84 0.551 0.147 0.0801
22.7 1.85 0.535 0.142 0.0769
23.1 1.85 0.52 0.137 0.0738
23.5 1.86 0.505 0.132 0.0707
23.9 1.86 0.49 0.127 0.0679
24.3 1.87 0.476 0.122 0.0651
24.7 1.88 0.462 0.117 0.0626
25.1 1.88 0.448 0.113 0.06
25.5 1.89 0.435 0.108 0.0574
25.9 1.89 0.422 0.104 0.055
26.3 1.89 0.409 0.1 0.0528
26.7 1.9 0.397 0.0962 0.0507
27.1 1.9 0.384 0.0925 0.0486
27.5 1.91 0.373 0.0888 0.0466
27.9 1.91 0.361 0.0853 0.0446
28.3 1.91 0.35 0.0819 0.0428
28.7 1.92 0.339 0.0787 0.041
29.1 1.92 0.328 0.0755 0.0393
29.5 1.92 0.318 0.0725 0.0377
29.9 1.93 0.307 0.0695 0.0361
30.3 1.93 0.298 0.0667 0.0346
30.7 1.93 0.288 0.064 0.0331
31.1 1.94 0.279 0.0614 0.0317
31.5 1.94 0.27 0.0589 0.0304
31.9 1.94 0.261 0.0565 0.0291
32.3 1.94 0.252 0.0542 0.0279
32.7 1.95 0.244 0.052 0.0267
33.1 1.95 0.236 0.0498 0.0256
33.5 1.95 0.228 0.0478 0.0245
33.9 1.95 0.22 0.0458 0.0234
34.3 1.96 0.213 0.0439 0.0224
34.7 1.96 0.206 0.042 0.0215
35.1 1.96 0.199 0.0403 0.0206
35.5 1.96 0.192 0.0386 0.0197
35.9 1.96 0.186 0.037 0.0189
36.3 1.96 0.179 0.0354 0.0181
36.7 1.97 0.173 0.034 0.0173
37.1 1.97 0.167 0.0325 0.0165
37.5 1.97 0.161 0.0312 0.0158
37.9 1.97 0.156 0.0298 0.0152
38.3 1.97 0.15 0.0286 0.0145
38.7 1.97 0.145 0.0274 0.0139
39.1 1.97 0.14 0.0262 0.0133
39.5 1.97 0.135 0.0251 0.0127
39.9 1.98 0.13 0.024 0.0122
40.3 1.98 0.126 0.023 0.0116
40.7 1.98 0.121 0.022 0.0111
41.1 1.98 0.117 0.0211 0.0107
41.5 1.98 0.113 0.0202 0.0102
41.9 1.98 0.109 0.0193 0.00977
42.3 1.98 0.105 0.0185 0.00934
42.7 1.98 0.104 0.0177 0.00893
43.1 1.98 0.102 0.017 0.00855
43.5 1.98 0.0985 0.0162 0.00819
43.9 1.98 0.0946 0.0156 0.00784
44.3 1.99 0.0899 0.0149 0.0075
44.7 1.99 0.0846 0.0142 0.00717
45.1 1.99 0.0788 0.0136 0.00686
45.5 1.99 0.0726 0.0131 0.00657
45.9 1.99 0.0661 0.0125 0.00629
46.3 1.99 0.0594 0.012 0.00602
46.7 1.99 0.0527 0.0122 0.00611
47.1 1.99 0.046 0.00957 0.00481
67.2 2 0.0394 0.00543 0.00272
67.6 2 0.0331 0.00171 0.000857
68 2 0.0272 0.00032 0.00016
68.4 2 0.0217 0.00104 0.000518
68.8 2 0.0167 0.000992 0.000496
69.2 2 0.0123 0.000949 0.000474
69.6 2 0.00855 0.000908 0.000454
70 2 0.00559 0.000869 0.000434
70.4 2 0.00347 0.000831 0.000416
70.8 2 0.00225 0.000795 0.000397
71.2 2 0.002 0.00076 0.00038
71.6 2 0.0028 0.000727 0.000364
72 2 0.0047 0.000696 0.000348
72.4 2 0.00597 0.000665 0.000333
72.8 2 0.00574 0.000637 0.000318
73.2 2 0.00552 0.000609 0.000305
73.6 2 0.0053 0.000582 0.000291
74 2 0.0051 0.000557 0.000279
74.4 2 0.0049 0.000533 0.000266
74.8 2 0.00471 0.00051 0.000255
75.2 2 0.00453 0.000488 0.000244
75.6 2 0.00435 0.000466 0.000233
76 2 0.00418 0.000446 0.000223
76.4 2 0.00402 0.000427 0.000213
76.8 2 0.00386 0.000408 0.000204
77.2 2 0.00371 0.00039 0.000195
77.6 2 0.00357 0.000373 0.000187
78 2 0.00343 0.000357 0.000179
78.4 2 0.00329 0.000342 0.000171
78.8 2 0.00316 0.000327 0.000163
79.2 2 0.00304 0.000313 0.000156
79.6 2 0.00292 0.000299 0.00015
80 2 0.00281 0.000286 0.000143
80.4 2 0.0027 0.000274 0.000137
80.8 2 0.00259 0.000262 0.000131
81.2 2 0.00249 0.00025 0.000125
81.6 2 0.00239 0.00024 0.00012
82 2 0.0023 0.000229 0.000115
82.4 2 0.00221 0.000219 0.00011
82.8 2 0.00212 0.00021 0.000105
83.2 2 0.00204 0.000201 0.0001
83.6 2 0.00196 0.000192 9.59e-05
84 2 0.00188 0.000183 9.17e-05
84.4 2 0.00181 0.000175 8.77e-05
84.8 2 0.00174 0.000168 8.39e-05
85.2 2 0.00167 0.000161 8.03e-05
85.6 2 0.0016 0.000154 7.68e-05
86 2 0.00154 0.000147 7.35e-05
86.4 2 0.00148 0.000141 7.03e-05
86.8 2 0.00142 0.000134 6.72e-05
87.2 2 0.00136 0.000129 6.43e-05
87.6 2 0.00131 0.000123 6.15e-05
88 2 0.00126 0.000118 5.89e-05
88.4 2 0.00121 0.000113 5.63e-05
88.8 2 0.00116 0.000108 5.38e-05
89.2 2 0.00112 0.000103 5.15e-05
89.6 2 0.00107 9.85e-05 4.93e-05
90 2 0.00103 9.42e-05 4.71e-05
90.4 2 0.000988 9.01e-05 4.5e-05
90.8 2 0.000949 8.62e-05 4.31e-05
91.2 2 0.000912 8.24e-05 4.12e-05
91.6 2 0.000876 7.88e-05 3.94e-05
92 2 0.000841 7.54e-05 3.77e-05
92.4 2 0.000808 7.22e-05 3.61e-05
92.8 2 0.000775 6.9e-05 3.45e-05
93.2 2 0.000745 6.6e-05 3.3e-05
93.6 2 0.000715 6.32e-05 3.16e-05
94 2 0.000687 6.04e-05 3.02e-05
94.4 2 0.00066 5.78e-05 2.89e-05
94.8 2 0.000633 5.53e-05 2.76e-05
95.2 2 0.000607 5.29e-05 2.64e-05
95.6 2 0.000581 5.06e-05 2.53e-05
96 2 0.000555 4.84e-05 2.42e-05
96.4 2 0.00053 4.63e-05 2.31e-05
96.8 2 0.000507 4.43e-05 2.21e-05
97.2 2 0.000486 4.23e-05 2.12e-05
97.6 2 0.000467 4.05e-05 2.02e-05
98 2 0.000451 3.87e-05 1.94e-05
98.4 2 0.000438 3.7e-05 1.85e-05
98.8 2 0.000428 3.54e-05 1.77e-05
99.2 2 0.000421 3.37e-05 1.69e-05
99.6 2 0.000418 3.26e-05 1.63e-05
