-15 0.0815 0.33 0.0805 1
-14.6 0.0883 0.352 0.0872 1
-14.2 0.0957 0.375 0.0944 1
-13.8 0.104 0.397 0.102 1
-13.4 0.112 0.42 0.11 1
-13 0.121 0.444 0.119 1
-12.6 0.131 0.469 0.128 1
-12.2 0.141 0.494 0.138 1
-11.8 0.152 0.52 0.149 1
-11.4 0.164 0.547 0.16 1
-11 0.177 0.575 0.172 1
-10.6 0.19 0.604 0.184 1
-10.2 0.204 0.634 0.197 1
-9.8 0.22 0.664 0.211 1
-9.4 0.235 0.695 0.225 1
-9 0.252 0.726 0.24 1
-8.6 0.27 0.757 0.256 1
-8.2 0.289 0.789 0.273 1
-7.8 0.308 0.821 0.29 1
-7.4 0.328 0.852 0.307 0.935
-7 0.35 0.884 0.325 0.93
-6.6 0.372 0.918 0.343 0.924
-6.2 0.395 0.952 0.362 0.917
-5.8 0.419 0.985 0.381 0.91
-5.4 0.443 1.02 0.4 0.902
-5 0.469 1.05 0.419 0.894
-4.6 0.495 1.07 0.438 0.885
-4.2 0.522 1.09 0.457 0.876
-3.8 0.55 1.11 0.476 0.866
-3.4 0.578 1.13 0.494 0.855
-3 0.607 1.14 0.513 0.846
-2.6 0.636 1.14 0.528 0.829
6.5 1.36 1.15 0.529 0.39
6.9 1.39 1.14 0.518 0.373
7.3 1.42 1.13 0.499 0.352
7.7 1.44 1.12 0.48 0.333
8.1 1.47 1.1 0.462 0.314
8.5 1.5 1.08 0.443 0.295
8.9 1.53 1.05 0.424 0.278
9.3 1.55 1.02 0.405 0.261
9.7 1.58 0.993 0.386 0.245
10.1 1.6 0.96 0.367 0.229
10.5 1.62 0.926 0.348 0.214
10.9 1.65 0.893 0.33 0.2
11.3 1.67 0.86 0.311 0.187
11.7 1.69 0.828 0.294 0.174
12.1 1.71 0.797 0.277 0.162
12.5 1.73 0.765 0.26 0.151
12.9 1.74 0.734 0.244 0.14
13.3 1.76 0.703 0.229 0.13
13.7 1.78 0.672 0.214 0.121
14.1 1.79 0.641 0.2 0.112
14.5 1.81 0.612 0.187 0.104
14.9 1.82 0.582 0.175 0.096
15.3 1.83 0.554 0.163 0.0888
15.7 1.84 0.526 0.151 0.082
16.1 1.86 0.499 0.141 0.0758
16.5 1.87 0.473 0.131 0.07
16.9 1.88 0.448 0.121 0.0645
17.3 1.89 0.423 0.112 0.0595
17.7 1.89 0.4 0.104 0.0548
18.1 1.9 0.377 0.0962 0.0505
18.5 1.91 0.356 0.0889 0.0466
18.9 1.92 0.335 0.0822 0.0429
19.3 1.92 0.316 0.0759 0.0395
19.7 1.93 0.297 0.07 0.0363
20.1 1.93 0.279 0.0646 0.0334
20.5 1.94 0.262 0.0596 0.0307
20.9 1.94 0.246 0.0549 0.0282
21.3 1.95 0.231 0.0506 0.026
21.7 1.95 0.216 0.0466 0.0238
22.1 1.96 0.202 0.0429 0.0219
22.5 1.96 0.19 0.0395 0.0201
22.9 1.96 0.177 0.0363 0.0185
23.3 1.97 0.166 0.0334 0.017
23.7 1.97 0.155 0.0307 0.0156
24.1 1.97 0.145 0.0282 0.0143
24.5 1.97 0.135 0.0259 0.0131
24.9 1.98 0.126 0.0238 0.0121
25.3 1.98 0.118 0.0219 0.0111
25.7 1.98 0.11 0.0201 0.0102
26.1 1.98 0.103 0.0185 0.00932
26.5 1.98 0.0956 0.017 0.00856
26.9 1.98 0.0891 0.0156 0.00785
27.3 1.99 0.083 0.0143 0.0072
27.7 1.99 0.0773 0.0131 0.0066
28.1 1.99 0.072 0.012 0.00606
28.5 1.99 0.067 0.0111 0.00556
28.9 1.99 0.0623 0.0101 0.0051
29.3 1.99 0.0587 0.00931 0.00468
29.7 1.99 0.0549 0.00854 0.00429
30.1 1.99 0.0512 0.00783 0.00393
30.5 1.99 0.0474 0.00719 0.00361
30.9 1.99 0.0437 0.00659 0.00331
31.3 1.99 0.04 0.00605 0.00303
31.7 1.99 0.0364 0.00555 0.00278
32.1 1.99 0.0329 0.00509 0.00255
32.5 2 0.0295 0.00467 0.00234
32.9 2 0.0262 0.00428 0.00214
33.3 2 0.0231 0.00402 0.00201
33.7 2 0.0202 0.00308 0.00154
38.9 2 0.0175 0.00193 0.000966
39.3 2 0.015 0.00105 0.000526
39.7 2 0.0127 0.000855 0.000427
40.1 2 0.0106 0.000898 0.000449
40.5 2 0.00876 0.000823 0.000412
40.9 2 0.00717 0.000755 0.000377
41.3 2 0.00583 0.000692 0.000346
41.7 2 0.00476 0.000634 0.000317
42.1 2 0.00396 0.000581 0.000291
42.5 2 0.00344 0.000533 0.000267
42.9 2 0.00321 0.000489 0.000244
43.3 2 0.00326 0.000448 0.000224
43.7 2 0.00362 0.000411 0.000205
44.1 2 0.00354 0.000377 0.000188
44.5 2 0.00328 0.000345 0.000173
44.9 2 0.00303 0.000316 0.000158
45.3 2 0.00281 0.00029 0.000145
45.7 2 0.00259 0.000266 0.000133
46.1 2 0.0024 0.000244 0.000122
46.5 2 0.00222 0.000223 0.000112
46.9 2 0.00205 0.000205 0.000102
47.3 2 0.0019 0.000188 9.39e-05
47.7 2 0.00175 0.000172 8.6e-05
48.1 2 0.00162 0.000158 7.89e-05
48.5 2 0.0015 0.000145 7.24e-05
48.9 2 0.00139 0.000133 6.64e-05
49.3 2 0.00128 0.000122 6.08e-05
49.7 2 0.00118 0.000111 5.57e-05
50.1 2 0.0011 0.000102 5.11e-05
50.5 2 0.00101 9.37e-05 4.68e-05
50.9 2 0.000935 8.59e-05 4.29e-05
51.3 2 0.000864 7.87e-05 3.94e-05
51.7 2 0.000798 7.22e-05 3.61e-05
52.1 2 0.000738 6.62e-05 3.31e-05
52.5 2 0.000681 6.07e-05 3.03e-05
52.9 2 0.000629 5.56e-05 2.78e-05
53.3 2 0.000581 5.1e-05 2.55e-05
53.7 2 0.000537 4.67e-05 2.34e-05
54.1 2 0.000496 4.28e-05 2.14e-05
54.5 2 0.000458 3.93e-05 1.96e-05
54.9 2 0.000423 3.6e-05 1.8e-05
55.3 2 0.000391 3.3e-05 1.65e-05
55.7 2 0.000361 3.03e-05 1.51e-05
56.1 2 0.000333 2.77e-05 1.39e-05
56.5 2 0.000308 2.54e-05 1.27e-05
56.9 2 0.000284 2.33e-05 1.16e-05
57.3 2 0.000262 2.14e-05 1.07e-05
57.7 2 0.000242 1.96e-05 9.8e-06
58.1 2 0.000223 1.8e-05 8.99e-06
58.5 2 0.000206 1.65e-05 8.24e-06
58.9 2 0.00019 1.51e-05 7.54e-06
59.3 2 0.000176 1.38e-05 6.91e-06
59.7 2 0.000162 1.27e-05 6.33e-06
60.1 2 0.00015 1.16e-05 5.81e-06
60.5 2 0.000138 1.07e-05 5.33e-06
60.9 2 0.000127 9.77e-06 4.89e-06
61.3 2 0.000118 8.95e-06 4.48e-06
61.7 2 0.000108 8.21e-06 4.1e-06
62.1 2 0.0001 7.53e-06 3.76e-06
62.5 2 9.23e-05 6.9e-06 3.45e-06
62.9 2 8.52e-05 6.33e-06 3.16e-06
63.3 2 7.86e-05 5.8e-06 2.9e-06
63.7 2 7.25e-05 5.31e-06 2.66e-06
64.1 2 6.69e-05 4.87e-06 2.44e-06
64.5 2 6.17e-05 4.47e-06 2.23e-06
64.9 2 5.7e-05 4.09e-06 2.05e-06
65.3 2 5.25e-05 3.75e-06 1.88e-06
65.7 2 4.85e-05 3.44e-06 1.72e-06
66.1 2 4.47e-05 3.15e-06 1.58e-06
66.5 2 4.12e-05 2.89e-06 1.45e-06
66.9 2 3.8e-05 2.65e-06 1.33e-06
67.3 2 3.51e-05 2.43e-06 1.22e-06
67.7 2 3.23e-05 2.23e-06 1.11e-06
68.1 2 2.98e-05 2.04e-06 1.02e-06
68.5 2 2.75e-05 1.87e-06 9.36e-07
68.9 2 2.54e-05 1.72e-06 8.58e-07
69.3 2 2.34e-05 1.57e-06 7.86e-07
69.7 2 2.16e-05 1.44e-06 7.21e-07
70.1 2 1.99e-05 1.32e-06 6.61e-07
70.5 2 1.83e-05 1.21e-06 6.06e-07
70.9 2 1.69e-05 1.11e-06 5.56e-07
71.3 2 1.56e-05 1.02e-06 5.09e-07
71.7 2 1.44e-05 9.34e-07 4.67e-07
72.1 2 1.32e-05 8.56e-07 4.28e-07
72.5 2 1.22e-05 7.85e-07 3.92e-07
72.9 2 1.13e-05 7.19e-07 3.6e-07
73.3 2 1.04e-05 6.59e-07 3.3e-07
73.7 2 9.56e-06 6.04e-07 3.02e-07
74.1 2 8.81e-06 5.54e-07 2.77e-07
74.5 2 8.12e-06 5.08e-07 2.54e-07
74.9 2 7.48e-06 4.66e-07 2.33e-07
75.3 2 6.9e-06 4.27e-07 2.14e-07
75.7 2 6.36e-06 3.91e-07 1.96e-07
76.1 2 5.86e-06 3.59e-07 1.79e-07
76.5 2 5.4e-06 3.29e-07 1.64e-07
76.9 2 4.98e-06 3.01e-07 1.51e-07
77.3 2 4.58e-06 2.76e-07 1.38e-07
77.7 2 4.23e-06 2.53e-07 1.27e-07
78.1 2 3.89e-06 2.32e-07 1.16e-07
78.5 2 3.59e-06 2.13e-07 1.06e-07
78.9 2 3.31e-06 1.95e-07 9.76e-08
79.3 2 3.05e-06 1.79e-07 8.94e-08
79.7 2 2.81e-06 1.64e-07 8.2e-08
80.1 2 2.59e-06 1.5e-07 7.52e-08
80.5 2 2.38e-06 1.38e-07 6.89e-08
80.9 2 2.19e-06 1.26e-07 6.32e-08
81.3 2 2.02e-06 1.16e-07 5.79e-08
81.7 2 1.86e-06 1.06e-07 5.31e-08
82.1 2 1.72e-06 9.74e-08 4.87e-08
82.5 2 1.58e-06 8.92e-08 4.46e-08
82.9 2 1.46e-06 8.18e-08 4.09e-08
83.3 2 1.34e-06 7.5e-08 3.75e-08
83.7 2 1.24e-06 6.87e-08 3.44e-08
84.1 2 1.14e-06 6.3e-08 3.15e-08
84.5 2 1.05e-06 5.78e-08 2.89e-08
84.9 2 9.66e-07 5.3e-08 2.65e-08
85.3 2 8.89e-07 4.86e-08 2.43e-08
85.7 2 8.19e-07 4.45e-08 2.23e-08
86.1 2 7.55e-07 4.08e-08 2.04e-08
86.5 2 6.95e-07 3.74e-08 1.87e-08
86.9 2 6.4e-07 3.43e-08 1.71e-08
87.3 2 5.9e-07 3.14e-08 1.57e-08
87.7 2 5.43e-07 2.88e-08 1.44e-08
88.1 2 5e-07 2.64e-08 1.32e-08
88.5 2 4.61e-07 2.42e-08 1.21e-08
88.9 2 4.24e-07 2.22e-08 1.11e-08
89.3 2 3.91e-07 2.04e-08 1.02e-08
89.7 2 3.6e-07 1.87e-08 9.34e-09
90.1 2 3.31e-07 1.71e-08 8.55e-09
90.5 2 3.05e-07 1.57e-08 7.84e-09
90.9 2 2.81e-07 1.44e-08 7.19e-09
91.3 2 2.59e-07 1.32e-08 6.59e-09
91.7 2 2.38e-07 1.21e-08 6.04e-09
92.1 2 2.19e-07 1.11e-08 5.53e-09
92.5 2 2.02e-07 1.01e-08 5.07e-09
92.9 2 1.86e-07 9.3e-09 4.65e-09
93.3 2 1.71e-07 8.53e-09 4.26e-09
93.7 2 1.58e-07 7.82e-09 3.91e-09
94.1 2 1.45e-07 7.17e-09 3.58e-09
94.5 2 1.34e-07 6.57e-09 3.29e-09
94.9 2 1.23e-07 6.02e-09 3.01e-09
95.3 2 1.13e-07 5.52e-09 2.76e-09
95.7 2 1.04e-07 5.06e-09 2.53e-09
96.1 2 9.47e-08 4.64e-09 2.32e-09
96.5 2 8.65e-08 4.25e-09 2.13e-09
96.9 2 7.91e-08 3.9e-09 1.95e-09
97.3 2 7.25e-08 3.57e-09 1.79e-09
97.7 2 6.67e-08 3.28e-09 1.64e-09
98.1 2 6.18e-08 3e-09 1.5e-09
98.5 2 5.79e-08 2.75e-09 1.38e-09
98.9 2 5.49e-08 2.52e-09 1.26e-09
99.3 2 5.29e-08 2.29e-09 1.15e-09
99.7 2 5.19e-08 2.14e-09 1.07e-09
