-15 0.113 0.421 0.11 1
-14.6 0.121 0.444 0.118 1
-14.2 0.129 0.468 0.126 1
-13.8 0.138 0.491 0.135 1
-13.4 0.148 0.515 0.144 1
-13 0.158 0.539 0.153 1
-12.6 0.169 0.564 0.163 1
-12.2 0.181 0.59 0.174 1
-11.8 0.193 0.616 0.185 1
-11.4 0.206 0.642 0.197 1
-11 0.219 0.669 0.209 1
-10.6 0.233 0.697 0.222 1
-10.2 0.248 0.725 0.235 1
-9.8 0.264 0.754 0.249 1
-9.4 0.28 0.782 0.263 1
-9 0.297 0.811 0.278 1
-8.6 0.315 0.84 0.293 1
-8.2 0.334 0.869 0.308 0.923
-7.8 0.353 0.898 0.324 0.917
-7.4 0.373 0.928 0.34 0.911
-7 0.394 0.96 0.356 0.905
-6.6 0.415 0.99 0.373 0.898
-6.2 0.438 1.02 0.39 0.891
-5.8 0.46 1.05 0.406 0.882
-5.4 0.484 1.07 0.423 0.874
-5 0.508 1.09 0.44 0.865
-4.6 0.533 1.11 0.456 0.856
-4.2 0.558 1.13 0.472 0.846
-3.8 0.584 1.14 0.489 0.837
-3.4 0.611 1.14 0.504 0.825
7.1 1.37 1.15 0.509 0.371
7.5 1.4 1.14 0.501 0.359
7.9 1.42 1.14 0.485 0.341
8.3 1.45 1.12 0.468 0.323
8.7 1.47 1.11 0.452 0.307
9.1 1.5 1.09 0.435 0.291
9.5 1.52 1.07 0.419 0.275
9.9 1.55 1.04 0.402 0.26
10.3 1.57 1.01 0.385 0.246
10.7 1.59 0.983 0.369 0.232
11.1 1.61 0.952 0.352 0.219
11.5 1.63 0.921 0.336 0.206
11.9 1.65 0.89 0.32 0.194
12.3 1.67 0.862 0.304 0.182
12.7 1.69 0.833 0.289 0.171
13.1 1.71 0.804 0.274 0.16
13.5 1.72 0.775 0.259 0.15
13.9 1.74 0.746 0.245 0.141
14.3 1.76 0.718 0.232 0.132
14.7 1.77 0.69 0.219 0.123
15.1 1.78 0.662 0.206 0.115
15.5 1.8 0.635 0.194 0.108
15.9 1.81 0.608 0.182 0.101
16.3 1.82 0.582 0.171 0.094
16.7 1.83 0.556 0.161 0.0877
17.1 1.84 0.531 0.151 0.0818
17.5 1.85 0.507 0.141 0.0762
17.9 1.86 0.483 0.132 0.071
18.3 1.87 0.46 0.124 0.0662
18.7 1.88 0.438 0.116 0.0616
19.1 1.89 0.416 0.108 0.0573
19.5 1.9 0.396 0.101 0.0533
19.9 1.9 0.376 0.0944 0.0496
20.3 1.91 0.356 0.088 0.0461
20.7 1.92 0.338 0.0821 0.0428
21.1 1.92 0.32 0.0765 0.0398
21.5 1.93 0.303 0.0713 0.037
21.9 1.93 0.287 0.0664 0.0343
22.3 1.94 0.272 0.0618 0.0319
22.7 1.94 0.257 0.0575 0.0296
23.1 1.95 0.243 0.0535 0.0275
23.5 1.95 0.229 0.0497 0.0255
23.9 1.95 0.216 0.0462 0.0237
24.3 1.96 0.204 0.043 0.022
24.7 1.96 0.193 0.0399 0.0204
25.1 1.96 0.182 0.0371 0.0189
25.5 1.97 0.171 0.0344 0.0175
25.9 1.97 0.161 0.032 0.0163
26.3 1.97 0.152 0.0297 0.0151
26.7 1.97 0.143 0.0275 0.014
27.1 1.97 0.135 0.0256 0.0129
27.5 1.98 0.127 0.0237 0.012
27.9 1.98 0.119 0.022 0.0111
28.3 1.98 0.112 0.0204 0.0103
28.7 1.98 0.105 0.0189 0.00955
29.1 1.98 0.099 0.0176 0.00886
29.5 1.98 0.093 0.0163 0.00821
29.9 1.99 0.0873 0.0151 0.00761
30.3 1.99 0.082 0.014 0.00704
30.7 1.99 0.077 0.013 0.00653
31.1 1.99 0.0726 0.012 0.00604
31.5 1.99 0.069 0.0111 0.0056
31.9 1.99 0.0652 0.0103 0.00519
32.3 1.99 0.0612 0.00956 0.00481
32.7 1.99 0.057 0.00887 0.00446
33.1 1.99 0.0528 0.00821 0.00413
33.5 1.99 0.0485 0.00761 0.00382
33.9 1.99 0.0443 0.00705 0.00354
34.3 1.99 0.04 0.00653 0.00328
34.7 1.99 0.0359 0.00605 0.00304
35.1 1.99 0.0319 0.0058 0.00291
35.5 1.99 0.028 0.00518 0.0026
35.9 2 0.0243 0.00366 0.00183
43.3 2 0.0208 0.00199 0.000997
43.7 2 0.0176 0.000889 0.000444
44.1 2 0.0146 0.000999 0.0005
44.5 2 0.0119 0.000925 0.000462
44.9 2 0.00957 0.000856 0.000428
45.3 2 0.00755 0.000793 0.000396
45.7 2 0.00588 0.000734 0.000367
46.1 2 0.00459 0.00068 0.00034
46.5 2 0.00368 0.000629 0.000315
46.9 2 0.00319 0.000583 0.000291
47.3 2 0.00311 0.00054 0.00027
47.7 2 0.00347 0.0005 0.00025
48.1 2 0.00428 0.000463 0.000231
48.5 2 0.004 0.000429 0.000214
48.9 2 0.00373 0.000397 0.000198
49.3 2 0.00348 0.000367 0.000184
49.7 2 0.00325 0.00034 0.00017
50.1 2 0.00303 0.000315 0.000157
50.5 2 0.00283 0.000292 0.000146
50.9 2 0.00264 0.00027 0.000135
51.3 2 0.00247 0.00025 0.000125
51.7 2 0.0023 0.000232 0.000116
52.1 2 0.00215 0.000215 0.000107
52.5 2 0.002 0.000199 9.93e-05
52.9 2 0.00187 0.000184 9.19e-05
53.3 2 0.00174 0.00017 8.52e-05
53.7 2 0.00163 0.000158 7.89e-05
54.1 2 0.00152 0.000146 7.31e-05
54.5 2 0.00142 0.000135 6.76e-05
54.9 2 0.00132 0.000125 6.26e-05
55.3 2 0.00123 0.000116 5.79e-05
55.7 2 0.00115 0.000107 5.36e-05
56.1 2 0.00107 9.93e-05 4.97e-05
56.5 2 0.000999 9.2e-05 4.6e-05
56.9 2 0.000932 8.53e-05 4.26e-05
57.3 2 0.000869 7.89e-05 3.95e-05
57.7 2 0.00081 7.31e-05 3.65e-05
58.1 2 0.000755 6.77e-05 3.38e-05
58.5 2 0.000704 6.27e-05 3.13e-05
58.9 2 0.000656 5.8e-05 2.9e-05
59.3 2 0.000612 5.37e-05 2.69e-05
59.7 2 0.000571 4.98e-05 2.49e-05
60.1 2 0.000532 4.61e-05 2.3e-05
60.5 2 0.000496 4.27e-05 2.13e-05
60.9 2 0.000462 3.95e-05 1.97e-05
61.3 2 0.000431 3.66e-05 1.83e-05
61.7 2 0.000401 3.39e-05 1.69e-05
62.1 2 0.000374 3.14e-05 1.57e-05
62.5 2 0.000349 2.9e-05 1.45e-05
62.9 2 0.000325 2.69e-05 1.34e-05
63.3 2 0.000303 2.49e-05 1.25e-05
63.7 2 0.000282 2.31e-05 1.15e-05
64.1 2 0.000263 2.13e-05 1.07e-05
64.5 2 0.000245 1.98e-05 9.88e-06
64.9 2 0.000228 1.83e-05 9.15e-06
65.3 2 0.000213 1.69e-05 8.47e-06
65.7 2 0.000198 1.57e-05 7.85e-06
66.1 2 0.000184 1.45e-05 7.27e-06
66.5 2 0.000172 1.35e-05 6.73e-06
66.9 2 0.00016 1.25e-05 6.23e-06
67.3 2 0.000149 1.15e-05 5.77e-06
67.7 2 0.000139 1.07e-05 5.35e-06
68.1 2 0.000129 9.9e-06 4.95e-06
68.5 2 0.00012 9.16e-06 4.58e-06
68.9 2 0.000112 8.48e-06 4.24e-06
69.3 2 0.000105 7.85e-06 3.93e-06
69.7 2 9.73e-05 7.27e-06 3.64e-06
70.1 2 9.06e-05 6.73e-06 3.37e-06
70.5 2 8.44e-05 6.23e-06 3.12e-06
70.9 2 7.86e-05 5.77e-06 2.89e-06
71.3 2 7.32e-05 5.35e-06 2.67e-06
71.7 2 6.82e-05 4.95e-06 2.48e-06
72.1 2 6.35e-05 4.58e-06 2.29e-06
72.5 2 5.91e-05 4.24e-06 2.12e-06
72.9 2 5.5e-05 3.93e-06 1.96e-06
73.3 2 5.12e-05 3.64e-06 1.82e-06
73.7 2 4.77e-05 3.37e-06 1.68e-06
74.1 2 4.44e-05 3.12e-06 1.56e-06
74.5 2 4.13e-05 2.89e-06 1.44e-06
74.9 2 3.85e-05 2.68e-06 1.34e-06
75.3 2 3.58e-05 2.48e-06 1.24e-06
75.7 2 3.33e-05 2.29e-06 1.15e-06
76.1 2 3.1e-05 2.12e-06 1.06e-06
76.5 2 2.89e-05 1.97e-06 9.83e-07
76.9 2 2.69e-05 1.82e-06 9.1e-07
77.3 2 2.5e-05 1.69e-06 8.43e-07
77.7 2 2.33e-05 1.56e-06 7.8e-07
78.1 2 2.17e-05 1.44e-06 7.22e-07
78.5 2 2.02e-05 1.34e-06 6.69e-07
78.9 2 1.88e-05 1.24e-06 6.2e-07
79.3 2 1.75e-05 1.15e-06 5.74e-07
79.7 2 1.63e-05 1.06e-06 5.31e-07
80.1 2 1.51e-05 9.83e-07 4.91e-07
80.5 2 1.41e-05 9.11e-07 4.56e-07
80.9 2 1.31e-05 8.44e-07 4.22e-07
81.3 2 1.22e-05 7.81e-07 3.91e-07
81.7 2 1.13e-05 7.23e-07 3.62e-07
82.1 2 1.06e-05 6.7e-07 3.35e-07
82.5 2 9.83e-06 6.2e-07 3.1e-07
82.9 2 9.14e-06 5.74e-07 2.87e-07
83.3 2 8.5e-06 5.32e-07 2.66e-07
83.7 2 7.91e-06 4.92e-07 2.46e-07
84.1 2 7.36e-06 4.56e-07 2.28e-07
84.5 2 6.85e-06 4.22e-07 2.11e-07
84.9 2 6.37e-06 3.91e-07 1.95e-07
85.3 2 5.93e-06 3.62e-07 1.81e-07
85.7 2 5.51e-06 3.35e-07 1.68e-07
86.1 2 5.13e-06 3.1e-07 1.55e-07
86.5 2 4.77e-06 2.87e-07 1.44e-07
86.9 2 4.44e-06 2.66e-07 1.33e-07
87.3 2 4.13e-06 2.46e-07 1.23e-07
87.7 2 3.84e-06 2.28e-07 1.14e-07
88.1 2 3.57e-06 2.11e-07 1.06e-07
88.5 2 3.32e-06 1.96e-07 9.78e-08
88.9 2 3.09e-06 1.81e-07 9.06e-08
89.3 2 2.88e-06 1.68e-07 8.39e-08
89.7 2 2.67e-06 1.55e-07 7.76e-08
90.1 2 2.49e-06 1.44e-07 7.19e-08
90.5 2 2.31e-06 1.33e-07 6.66e-08
90.9 2 2.15e-06 1.23e-07 6.17e-08
91.3 2 2e-06 1.14e-07 5.71e-08
91.7 2 1.86e-06 1.06e-07 5.29e-08
92.1 2 1.73e-06 9.8e-08 4.9e-08
92.5 2 1.61e-06 9.06e-08 4.53e-08
92.9 2 1.5e-06 8.39e-08 4.2e-08
93.3 2 1.39e-06 7.77e-08 3.89e-08
93.7 2 1.29e-06 7.2e-08 3.6e-08
94.1 2 1.2e-06 6.66e-08 3.33e-08
94.5 2 1.12e-06 6.17e-08 3.09e-08
94.9 2 1.04e-06 5.71e-08 2.86e-08
95.3 2 9.65e-07 5.29e-08 2.65e-08
95.7 2 8.94e-07 4.9e-08 2.45e-08
96.1 2 8.26e-07 4.54e-08 2.27e-08
96.5 2 7.62e-07 4.2e-08 2.1e-08
96.9 2 7.04e-07 3.89e-08 1.95e-08
97.3 2 6.52e-07 3.6e-08 1.8e-08
97.7 2 6.06e-07 3.34e-08 1.67e-08
98.1 2 5.68e-07 3.09e-08 1.54e-08
98.5 2 5.36e-07 2.86e-08 1.43e-08
98.9 2 5.13e-07 2.65e-08 1.32e-08
99.3 2 4.97e-07 2.43e-08 1.22e-08
99.7 2 4.89e-07 2.29e-08 1.14e-08
