-15 0.156 0.535 0.15 1
-14.6 0.165 0.558 0.159 1
-14.2 0.175 0.581 0.168 1
-13.8 0.185 0.605 0.177 1
-13.4 0.196 0.628 0.187 1
-13 0.207 0.652 0.197 1
-12.6 0.219 0.676 0.208 1
-12.2 0.232 0.7 0.219 1
-11.8 0.245 0.725 0.23 1
-11.4 0.258 0.75 0.242 1
-11 0.272 0.775 0.254 1
-10.6 0.287 0.801 0.266 1
-10.2 0.302 0.826 0.279 1
-9.8 0.318 0.852 0.292 1
-9.4 0.335 0.878 0.305 0.912
-9 0.352 0.904 0.319 0.906
-8.6 0.369 0.93 0.333 0.901
-8.2 0.388 0.957 0.347 0.895
-7.8 0.406 0.985 0.361 0.888
-7.4 0.426 1.01 0.375 0.881
-7 0.446 1.04 0.389 0.873
-6.6 0.466 1.06 0.403 0.866
-6.2 0.487 1.09 0.418 0.857
-5.8 0.509 1.11 0.432 0.849
-5.4 0.531 1.12 0.446 0.84
-5 0.553 1.14 0.46 0.831
-4.6 0.576 1.15 0.474 0.823
-4.2 0.6 1.15 0.487 0.812
7.9 1.38 1.15 0.491 0.355
8.3 1.41 1.15 0.484 0.344
8.7 1.43 1.14 0.47 0.329
9.1 1.45 1.13 0.456 0.314
9.5 1.47 1.12 0.442 0.3
9.9 1.5 1.1 0.428 0.286
10.3 1.52 1.08 0.414 0.273
10.7 1.54 1.06 0.4 0.26
11.1 1.56 1.03 0.386 0.247
11.5 1.58 1.01 0.371 0.235
11.9 1.6 0.978 0.357 0.224
12.3 1.62 0.95 0.343 0.212
12.7 1.63 0.923 0.329 0.201
13.1 1.65 0.897 0.315 0.191
13.5 1.67 0.871 0.302 0.181
13.9 1.69 0.846 0.289 0.171
14.3 1.7 0.82 0.276 0.162
14.7 1.72 0.794 0.263 0.153
15.1 1.73 0.769 0.251 0.145
15.5 1.75 0.743 0.239 0.137
15.9 1.76 0.718 0.227 0.129
16.3 1.77 0.693 0.216 0.122
16.7 1.78 0.669 0.205 0.115
17.1 1.8 0.644 0.195 0.108
17.5 1.81 0.62 0.184 0.102
17.9 1.82 0.597 0.175 0.0962
18.3 1.83 0.574 0.166 0.0906
18.7 1.84 0.552 0.157 0.0852
19.1 1.85 0.53 0.148 0.0802
19.5 1.86 0.508 0.14 0.0754
19.9 1.86 0.487 0.132 0.0709
20.3 1.87 0.467 0.125 0.0666
20.7 1.88 0.447 0.118 0.0626
21.1 1.89 0.428 0.111 0.0589
21.5 1.89 0.41 0.105 0.0553
21.9 1.9 0.392 0.0987 0.0519
22.3 1.91 0.374 0.0929 0.0488
22.7 1.91 0.358 0.0874 0.0458
23.1 1.92 0.341 0.0823 0.043
23.5 1.92 0.326 0.0774 0.0403
23.9 1.93 0.311 0.0728 0.0378
24.3 1.93 0.296 0.0685 0.0355
24.7 1.93 0.282 0.0643 0.0333
25.1 1.94 0.269 0.0605 0.0312
25.5 1.94 0.256 0.0568 0.0292
25.9 1.95 0.244 0.0533 0.0274
26.3 1.95 0.232 0.0501 0.0257
26.7 1.95 0.221 0.047 0.0241
27.1 1.96 0.21 0.0441 0.0226
27.5 1.96 0.199 0.0414 0.0211
27.9 1.96 0.19 0.0388 0.0198
28.3 1.96 0.18 0.0364 0.0185
28.7 1.97 0.171 0.0341 0.0174
29.1 1.97 0.162 0.032 0.0163
29.5 1.97 0.154 0.03 0.0152
29.9 1.97 0.146 0.0281 0.0143
30.3 1.97 0.139 0.0264 0.0134
30.7 1.97 0.132 0.0247 0.0125
31.1 1.98 0.125 0.0232 0.0117
31.5 1.98 0.118 0.0217 0.011
31.9 1.98 0.112 0.0203 0.0103
32.3 1.98 0.106 0.019 0.00961
32.7 1.98 0.101 0.0178 0.009
33.1 1.98 0.0955 0.0167 0.00842
33.5 1.98 0.0904 0.0157 0.00789
33.9 1.99 0.0865 0.0147 0.00738
34.3 1.99 0.0832 0.0137 0.00691
34.7 1.99 0.0792 0.0128 0.00646
35.1 1.99 0.0749 0.012 0.00605
35.5 1.99 0.0702 0.0113 0.00566
35.9 1.99 0.0653 0.0105 0.0053
36.3 1.99 0.0602 0.00987 0.00496
36.7 1.99 0.055 0.00924 0.00464
37.1 1.99 0.0498 0.00865 0.00435
37.5 1.99 0.0445 0.0081 0.00407
37.9 1.99 0.0394 0.00801 0.00402
38.3 1.99 0.0344 0.00673 0.00338
38.7 1.99 0.0296 0.00431 0.00216
49.3 2 0.0251 0.00192 0.000958
49.7 2 0.0209 0.000633 0.000317
50.1 2 0.017 0.001 0.0005
50.5 2 0.0134 0.000935 0.000468
50.9 2 0.0104 0.000875 0.000437
51.3 2 0.00774 0.000818 0.000409
51.7 2 0.00562 0.000765 0.000383
52.1 2 0.00404 0.000716 0.000358
52.5 2 0.00303 0.00067 0.000335
52.9 2 0.00261 0.000627 0.000313
53.3 2 0.00282 0.000586 0.000293
53.7 2 0.00369 0.000549 0.000274
54.1 2 0.00471 0.000513 0.000257
54.5 2 0.00444 0.00048 0.00024
54.9 2 0.00418 0.000449 0.000225
55.3 2 0.00394 0.00042 0.00021
55.7 2 0.00371 0.000393 0.000197
56.1 2 0.0035 0.000368 0.000184
56.5 2 0.0033 0.000344 0.000172
56.9 2 0.0031 0.000322 0.000161
57.3 2 0.00292 0.000301 0.000151
57.7 2 0.00275 0.000282 0.000141
58.1 2 0.00259 0.000264 0.000132
58.5 2 0.00244 0.000247 0.000123
58.9 2 0.0023 0.000231 0.000115
59.3 2 0.00217 0.000216 0.000108
59.7 2 0.00204 0.000202 0.000101
60.1 2 0.00192 0.000189 9.45e-05
60.5 2 0.00181 0.000177 8.84e-05
60.9 2 0.0017 0.000165 8.27e-05
61.3 2 0.0016 0.000155 7.74e-05
61.7 2 0.00151 0.000145 7.24e-05
62.1 2 0.00142 0.000135 6.77e-05
62.5 2 0.00134 0.000127 6.33e-05
62.9 2 0.00126 0.000119 5.93e-05
63.3 2 0.00119 0.000111 5.54e-05
63.7 2 0.00112 0.000104 5.19e-05
64.1 2 0.00105 9.69e-05 4.85e-05
64.5 2 0.00099 9.07e-05 4.54e-05
64.9 2 0.000932 8.49e-05 4.24e-05
65.3 2 0.000877 7.94e-05 3.97e-05
65.7 2 0.000825 7.43e-05 3.71e-05
66.1 2 0.000776 6.95e-05 3.48e-05
66.5 2 0.000731 6.5e-05 3.25e-05
66.9 2 0.000688 6.08e-05 3.04e-05
67.3 2 0.000647 5.69e-05 2.84e-05
67.7 2 0.000609 5.32e-05 2.66e-05
68.1 2 0.000573 4.98e-05 2.49e-05
68.5 2 0.000539 4.66e-05 2.33e-05
68.9 2 0.000507 4.36e-05 2.18e-05
69.3 2 0.000477 4.08e-05 2.04e-05
69.7 2 0.000449 3.81e-05 1.91e-05
70.1 2 0.000422 3.57e-05 1.78e-05
70.5 2 0.000397 3.34e-05 1.67e-05
70.9 2 0.000374 3.12e-05 1.56e-05
71.3 2 0.000352 2.92e-05 1.46e-05
71.7 2 0.000331 2.73e-05 1.37e-05
72.1 2 0.000311 2.56e-05 1.28e-05
72.5 2 0.000293 2.39e-05 1.2e-05
72.9 2 0.000275 2.24e-05 1.12e-05
73.3 2 0.000259 2.09e-05 1.05e-05
73.7 2 0.000244 1.96e-05 9.78e-06
74.1 2 0.000229 1.83e-05 9.15e-06
74.5 2 0.000215 1.71e-05 8.57e-06
74.9 2 0.000203 1.6e-05 8.02e-06
75.3 2 0.000191 1.5e-05 7.51e-06
75.7 2 0.000179 1.4e-05 7.02e-06
76.1 2 0.000169 1.31e-05 6.56e-06
76.5 2 0.000158 1.23e-05 6.14e-06
76.9 2 0.000149 1.15e-05 5.75e-06
77.3 2 0.00014 1.07e-05 5.37e-06
77.7 2 0.000132 1.01e-05 5.03e-06
78.1 2 0.000124 9.41e-06 4.71e-06
78.5 2 0.000116 8.8e-06 4.4e-06
78.9 2 0.00011 8.23e-06 4.12e-06
79.3 2 0.000103 7.7e-06 3.85e-06
79.7 2 9.68e-05 7.2e-06 3.6e-06
80.1 2 9.1e-05 6.74e-06 3.37e-06
80.5 2 8.56e-05 6.31e-06 3.15e-06
80.9 2 8.04e-05 5.9e-06 2.95e-06
81.3 2 7.56e-05 5.52e-06 2.76e-06
81.7 2 7.11e-05 5.16e-06 2.58e-06
82.1 2 6.68e-05 4.83e-06 2.41e-06
82.5 2 6.28e-05 4.52e-06 2.26e-06
82.9 2 5.9e-05 4.23e-06 2.11e-06
83.3 2 5.55e-05 3.95e-06 1.98e-06
83.7 2 5.22e-05 3.7e-06 1.85e-06
84.1 2 4.9e-05 3.46e-06 1.73e-06
84.5 2 4.61e-05 3.24e-06 1.62e-06
84.9 2 4.33e-05 3.03e-06 1.51e-06
85.3 2 4.07e-05 2.83e-06 1.42e-06
85.7 2 3.82e-05 2.65e-06 1.33e-06
86.1 2 3.59e-05 2.48e-06 1.24e-06
86.5 2 3.38e-05 2.32e-06 1.16e-06
86.9 2 3.17e-05 2.17e-06 1.08e-06
87.3 2 2.98e-05 2.03e-06 1.01e-06
87.7 2 2.8e-05 1.9e-06 9.5e-07
88.1 2 2.63e-05 1.78e-06 8.89e-07
88.5 2 2.48e-05 1.66e-06 8.31e-07
88.9 2 2.33e-05 1.55e-06 7.76e-07
89.3 2 2.19e-05 1.45e-06 7.27e-07
89.7 2 2.05e-05 1.36e-06 6.8e-07
90.1 2 1.93e-05 1.27e-06 6.36e-07
90.5 2 1.81e-05 1.19e-06 5.95e-07
90.9 2 1.7e-05 1.11e-06 5.57e-07
91.3 2 1.6e-05 1.04e-06 5.21e-07
91.7 2 1.5e-05 9.76e-07 4.88e-07
92.1 2 1.41e-05 9.12e-07 4.56e-07
92.5 2 1.33e-05 8.53e-07 4.27e-07
92.9 2 1.25e-05 7.98e-07 3.99e-07
93.3 2 1.17e-05 7.47e-07 3.73e-07
93.7 2 1.1e-05 6.99e-07 3.49e-07
94.1 2 1.03e-05 6.54e-07 3.27e-07
94.5 2 9.72e-06 6.11e-07 3.06e-07
94.9 2 9.13e-06 5.72e-07 2.86e-07
95.3 2 8.56e-06 5.35e-07 2.68e-07
95.7 2 8.01e-06 5.01e-07 2.5e-07
96.1 2 7.48e-06 4.68e-07 2.34e-07
96.5 2 6.98e-06 4.38e-07 2.19e-07
96.9 2 6.52e-06 4.1e-07 2.05e-07
97.3 2 6.1e-06 3.83e-07 1.92e-07
97.7 2 5.73e-06 3.59e-07 1.79e-07
98.1 2 5.42e-06 3.36e-07 1.68e-07
98.5 2 5.17e-06 3.14e-07 1.57e-07
98.9 2 4.98e-06 2.94e-07 1.47e-07
99.3 2 4.85e-06 2.73e-07 1.36e-07
99.7 2 4.78e-06 2.59e-07 1.29e-07
