-15 0.261 0.763 0.24 1
-14.6 0.272 0.783 0.249 1
-14.2 0.283 0.803 0.258 1
-13.8 0.295 0.823 0.267 1
-13.4 0.307 0.844 0.277 1
-13 0.319 0.864 0.287 1
-12.6 0.332 0.884 0.296 0.893
-12.2 0.345 0.904 0.306 0.888
-11.8 0.358 0.924 0.316 0.883
-11.4 0.372 0.944 0.327 0.878
-11 0.386 0.964 0.337 0.873
-10.6 0.4 0.984 0.347 0.867
-10.2 0.415 1.01 0.358 0.861
-9.8 0.43 1.03 0.368 0.855
-9.4 0.446 1.05 0.378 0.849
-9 0.462 1.07 0.389 0.842
-8.6 0.478 1.09 0.399 0.836
-8.2 0.495 1.11 0.41 0.829
-7.8 0.511 1.12 0.42 0.821
-7.4 0.529 1.14 0.43 0.814
-7 0.546 1.15 0.44 0.806
-6.6 0.564 1.15 0.451 0.8
-6.2 0.582 1.16 0.46 0.791
9.9 1.4 1.16 0.463 0.33
10.3 1.42 1.16 0.459 0.322
10.7 1.44 1.15 0.448 0.311
11.1 1.46 1.14 0.438 0.3
11.5 1.48 1.13 0.428 0.29
11.9 1.49 1.12 0.417 0.28
12.3 1.51 1.1 0.407 0.27
12.7 1.53 1.08 0.397 0.26
13.1 1.54 1.06 0.386 0.25
13.5 1.56 1.04 0.376 0.241
13.9 1.57 1.02 0.365 0.232
14.3 1.59 1 0.355 0.223
14.7 1.6 0.979 0.345 0.215
15.1 1.62 0.959 0.334 0.207
15.5 1.63 0.939 0.324 0.199
15.9 1.65 0.919 0.314 0.191
16.3 1.66 0.899 0.304 0.183
16.7 1.67 0.879 0.294 0.176
17.1 1.68 0.858 0.284 0.169
17.5 1.7 0.838 0.274 0.162
17.9 1.71 0.818 0.265 0.155
18.3 1.72 0.798 0.256 0.149
18.7 1.73 0.778 0.247 0.142
19.1 1.74 0.758 0.238 0.137
19.5 1.75 0.739 0.229 0.131
19.9 1.76 0.719 0.221 0.125
20.3 1.77 0.7 0.212 0.12
20.7 1.78 0.681 0.204 0.115
21.1 1.79 0.662 0.196 0.11
21.5 1.8 0.643 0.189 0.105
21.9 1.81 0.625 0.181 0.1
22.3 1.82 0.607 0.174 0.0959
22.7 1.82 0.589 0.167 0.0916
23.1 1.83 0.571 0.16 0.0875
23.5 1.84 0.554 0.154 0.0837
23.9 1.85 0.537 0.147 0.0799
24.3 1.85 0.521 0.141 0.0764
24.7 1.86 0.504 0.135 0.0729
25.1 1.86 0.488 0.13 0.0696
25.5 1.87 0.473 0.124 0.0665
25.9 1.88 0.458 0.119 0.0634
26.3 1.88 0.443 0.114 0.0605
26.7 1.89 0.428 0.109 0.0577
27.1 1.89 0.414 0.104 0.0551
27.5 1.9 0.4 0.0997 0.0526
27.9 1.9 0.387 0.0953 0.0501
28.3 1.91 0.374 0.0911 0.0478
28.7 1.91 0.361 0.087 0.0456
29.1 1.91 0.348 0.0832 0.0434
29.5 1.92 0.336 0.0794 0.0414
29.9 1.92 0.325 0.0759 0.0395
30.3 1.93 0.313 0.0724 0.0376
30.7 1.93 0.302 0.0692 0.0358
31.1 1.93 0.291 0.066 0.0342
31.5 1.94 0.281 0.063 0.0325
31.9 1.94 0.271 0.0601 0.031
32.3 1.94 0.261 0.0574 0.0295
32.7 1.94 0.251 0.0547 0.0281
33.1 1.95 0.242 0.0522 0.0268
33.5 1.95 0.233 0.0498 0.0255
33.9 1.95 0.225 0.0475 0.0243
34.3 1.95 0.216 0.0453 0.0232
34.7 1.96 0.208 0.0432 0.0221
35.1 1.96 0.2 0.0411 0.021
35.5 1.96 0.193 0.0392 0.02
35.9 1.96 0.186 0.0374 0.0191
36.3 1.96 0.179 0.0356 0.0181
36.7 1.97 0.172 0.0339 0.0173
37.1 1.97 0.165 0.0323 0.0164
37.5 1.97 0.159 0.0308 0.0156
37.9 1.97 0.153 0.0294 0.0149
38.3 1.97 0.147 0.028 0.0142
38.7 1.97 0.141 0.0266 0.0135
39.1 1.97 0.136 0.0254 0.0129
39.5 1.98 0.13 0.0242 0.0122
39.9 1.98 0.127 0.023 0.0117
40.3 1.98 0.124 0.0219 0.0111
40.7 1.98 0.121 0.0209 0.0105
41.1 1.98 0.116 0.0199 0.01
41.5 1.98 0.11 0.0189 0.00956
41.9 1.98 0.103 0.018 0.00909
42.3 1.98 0.0959 0.0171 0.00864
42.7 1.98 0.0881 0.0163 0.00823
43.1 1.99 0.0801 0.0155 0.00783
43.5 1.99 0.0719 0.0148 0.00745
43.9 1.99 0.0636 0.015 0.00756
44.3 1.99 0.0554 0.0126 0.00636
44.7 1.99 0.0474 0.00775 0.0039
64.1 2 0.0397 0.00281 0.00141
64.5 2 0.0324 0.000168 8.39e-05
64.9 2 0.0256 0.00103 0.000517
65.3 2 0.0194 0.000984 0.000492
65.7 2 0.014 0.000936 0.000468
66.1 2 0.00937 0.000891 0.000445
66.5 2 0.00563 0.000847 0.000424
66.9 2 0.00288 0.000806 0.000403
67.3 2 0.0012 0.000767 0.000383
67.7 2 0.00067 0.000729 0.000365
68.1 2 0.00136 0.000694 0.000347
68.5 2 0.00334 0.00066 0.00033
68.9 2 0.00566 0.000628 0.000314
69.3 2 0.00542 0.000597 0.000299
69.7 2 0.00518 0.000568 0.000284
70.1 2 0.00495 0.00054 0.00027
70.5 2 0.00474 0.000514 0.000257
70.9 2 0.00453 0.000489 0.000244
71.3 2 0.00433 0.000465 0.000233
71.7 2 0.00415 0.000442 0.000221
72.1 2 0.00396 0.000421 0.00021
72.5 2 0.00379 0.0004 0.0002
72.9 2 0.00363 0.000381 0.00019
73.3 2 0.00347 0.000362 0.000181
73.7 2 0.00331 0.000345 0.000172
74.1 2 0.00317 0.000328 0.000164
74.5 2 0.00303 0.000312 0.000156
74.9 2 0.0029 0.000297 0.000148
75.3 2 0.00277 0.000282 0.000141
75.7 2 0.00265 0.000268 0.000134
76.1 2 0.00253 0.000255 0.000128
76.5 2 0.00242 0.000243 0.000121
76.9 2 0.00231 0.000231 0.000116
77.3 2 0.00221 0.00022 0.00011
77.7 2 0.00212 0.000209 0.000104
78.1 2 0.00202 0.000199 9.94e-05
78.5 2 0.00193 0.000189 9.46e-05
78.9 2 0.00185 0.00018 9e-05
79.3 2 0.00177 0.000171 8.56e-05
79.7 2 0.00169 0.000163 8.14e-05
80.1 2 0.00161 0.000155 7.75e-05
80.5 2 0.00154 0.000147 7.37e-05
80.9 2 0.00147 0.00014 7.01e-05
81.3 2 0.00141 0.000133 6.66e-05
81.7 2 0.00135 0.000127 6.34e-05
82.1 2 0.00129 0.000121 6.03e-05
82.5 2 0.00123 0.000115 5.74e-05
82.9 2 0.00118 0.000109 5.46e-05
83.3 2 0.00112 0.000104 5.19e-05
83.7 2 0.00107 9.87e-05 4.94e-05
84.1 2 0.00103 9.4e-05 4.7e-05
84.5 2 0.00098 8.94e-05 4.47e-05
84.9 2 0.000937 8.5e-05 4.25e-05
85.3 2 0.000895 8.09e-05 4.04e-05
85.7 2 0.000855 7.69e-05 3.85e-05
86.1 2 0.000817 7.32e-05 3.66e-05
86.5 2 0.000781 6.96e-05 3.48e-05
86.9 2 0.000746 6.62e-05 3.31e-05
87.3 2 0.000713 6.3e-05 3.15e-05
87.7 2 0.000681 5.99e-05 3e-05
88.1 2 0.00065 5.7e-05 2.85e-05
88.5 2 0.000621 5.42e-05 2.71e-05
88.9 2 0.000594 5.16e-05 2.58e-05
89.3 2 0.000567 4.9e-05 2.45e-05
89.7 2 0.000542 4.66e-05 2.33e-05
90.1 2 0.000518 4.44e-05 2.22e-05
90.5 2 0.000495 4.22e-05 2.11e-05
90.9 2 0.000472 4.02e-05 2.01e-05
91.3 2 0.000451 3.82e-05 1.91e-05
91.7 2 0.000431 3.63e-05 1.82e-05
92.1 2 0.000412 3.46e-05 1.73e-05
92.5 2 0.000393 3.29e-05 1.64e-05
92.9 2 0.000376 3.13e-05 1.56e-05
93.3 2 0.000359 2.97e-05 1.49e-05
93.7 2 0.000343 2.83e-05 1.41e-05
94.1 2 0.000327 2.69e-05 1.35e-05
94.5 2 0.000313 2.56e-05 1.28e-05
94.9 2 0.000299 2.44e-05 1.22e-05
95.3 2 0.000285 2.32e-05 1.16e-05
95.7 2 0.000271 2.2e-05 1.1e-05
96.1 2 0.000257 2.1e-05 1.05e-05
96.5 2 0.000245 1.99e-05 9.97e-06
96.9 2 0.000233 1.9e-05 9.48e-06
97.3 2 0.000222 1.8e-05 9.02e-06
97.7 2 0.000212 1.72e-05 8.58e-06
98.1 2 0.000204 1.63e-05 8.16e-06
98.5 2 0.000197 1.55e-05 7.76e-06
98.9 2 0.000192 1.48e-05 7.39e-06
99.3 2 0.000188 1.4e-05 6.99e-06
99.7 2 0.000186 1.34e-05 6.71e-06
