-8.6 0.0241 0.117 1
-8.2 0.0311 0.14 1
-7.8 0.0397 0.167 1
-7.4 0.0502 0.197 1
-7 0.0628 0.23 1
-6.6 0.0777 0.267 1
-6.2 0.0951 0.306 1
-5.8 0.115 0.348 1
-5.4 0.138 0.393 1
-5 0.164 0.439 1
-4.6 0.192 0.487 1
-4.2 0.223 0.535 1
-3.8 0.257 0.583 1
-3.4 0.294 0.63 1
-3 0.332 0.676 1
-2.6 0.373 0.719 1
-2.2 0.415 0.759 1
-1.8 0.457 0.796 1
-1.4 0.501 0.828 1
-1 0.545 0.856 1
-0.6 0.588 0.879 1
-0.2 0.63 0.897 1.11
0.2 0.671 0.91 1.12
0.6 0.71 0.919 1.14
1 0.747 0.923 1.15
1.4 0.782 0.924 1.16
1.8 0.815 0.923 1.17
2.2 0.845 0.918 1.18
2.6 0.873 0.913 1.18
3 0.898 0.906 1.19
3.4 0.921 0.9 1.19
3.8 0.942 0.894 1.18
4.2 0.962 0.889 1.17
4.6 0.982 0.887 1.16
5 1 0.886 1.14
5.4 1.02 0.887 1.12
5.8 1.04 0.889 1.09
6.2 1.06 0.894 1.05
6.6 1.08 0.9 1.01
7 1.1 0.906 0.966
7.4 1.13 0.913 0.916
7.8 1.15 0.918 0.862
8.2 1.18 0.923 0.805
8.6 1.22 0.924 0.746
9 1.25 0.923 0.686
9.4 1.29 0.919 0.626
9.8 1.33 0.91 0.567
10.2 1.37 0.897 0.511
10.6 1.41 0.879 0.457
11 1.46 0.856 0.406
11.4 1.5 0.828 0.358
11.8 1.54 0.796 0.314
12.2 1.58 0.759 0.274
12.6 1.63 0.719 0.237
13 1.67 0.676 0.204
13.4 1.71 0.63 0.175
13.8 1.74 0.583 0.149
14.2 1.78 0.535 0.125
14.6 1.81 0.487 0.105
15 1.84 0.439 0.0876
15.4 1.86 0.393 0.0724
15.8 1.88 0.348 0.0594
16.2 1.91 0.306 0.0485
16.6 1.92 0.267 0.0393
17 1.94 0.23 0.0316
17.4 1.95 0.197 0.0254
17.8 1.96 0.167 0.0202
18.2 1.97 0.14 0.0161
18.6 1.98 0.117 0.0127
19 1.98 0.0966 0.01
19.4 1.99 0.0792 0.00789
19.8 1.99 0.0646 0.00619
20.2 1.99 0.0523 0.00486
20.6 1.99 0.0421 0.0038
21 2 0.0337 0.00298
21.4 2 0.0269 0.00232
21.8 2 0.0214 0.00181
22.2 2 0.017 0.00142
22.6 2 0.0135 0.0011
23 2 0.0106 0.000861
23.4 2 0.00842 0.000671
23.8 2 0.00667 0.000524
24.2 2 0.00527 0.000408
24.6 2 0.00417 0.000318
25 2 0.0033 0.000248
25.4 2 0.00261 0.000193
25.8 2 0.00207 0.00015
26.2 2 0.00163 0.000117
26.6 2 0.00129 9.12e-05
27 2 0.00102 7.1e-05
27.4 2 0.000807 5.53e-05
27.8 2 0.00064 4.31e-05
28.2 2 0.000506 3.36e-05
28.6 2 0.0004 2.61e-05
29 2 0.000317 2.04e-05
29.4 2 0.00025 1.59e-05
29.8 2 0.000198 1.23e-05
30.2 2 0.000156 9.61e-06
30.6 2 0.000124 7.49e-06
31 2 9.76e-05 5.84e-06
31.4 2 7.71e-05 4.54e-06
31.8 2 6.09e-05 3.54e-06
32.2 2 4.8e-05 2.75e-06
32.6 2 3.8e-05 2.14e-06
33 2 3e-05 1.67e-06
33.4 2 2.37e-05 1.3e-06
33.8 2 1.87e-05 1.01e-06
34.2 2 1.48e-05 7.9e-07
34.6 2 1.16e-05 6.15e-07
35 2 9.2e-06 4.79e-07
35.4 2 7.26e-06 3.73e-07
35.8 2 5.73e-06 2.9e-07
36.2 2 4.53e-06 2.26e-07
36.6 2 3.56e-06 1.76e-07
37 2 2.8e-06 1.37e-07
37.4 2 2.21e-06 1.07e-07
37.8 2 1.74e-06 8.33e-08
38.2 2 1.37e-06 6.48e-08
38.6 2 1.08e-06 5.05e-08
39 2 8.5e-07 3.93e-08
39.4 2 6.7e-07 3.06e-08
39.8 2 5.27e-07 2.38e-08
40.2 2 4.14e-07 1.86e-08
40.6 2 3.26e-07 1.45e-08
41 2 2.56e-07 1.13e-08
41.4 2 2.02e-07 8.78e-09
41.8 2 1.58e-07 6.84e-09
42.2 2 1.24e-07 5.32e-09
42.6 2 9.81e-08 4.14e-09
43 2 7.7e-08 3.23e-09
43.4 2 6.06e-08 2.51e-09
43.8 2 4.8e-08 1.96e-09
44.2 2 3.78e-08 1.53e-09
44.6 2 3e-08 1.19e-09
45 2 2.36e-08 9.24e-10
45.4 2 1.86e-08 7.19e-10
45.8 2 1.46e-08 5.6e-10
46.2 2 1.16e-08 4.36e-10
46.6 2 9e-09 3.4e-10
47 2 7.03e-09 2.65e-10
47.4 2 5.51e-09 2.06e-10
47.8 2 4.27e-09 1.61e-10
48.2 2 3.41e-09 1.25e-10
48.6 2 2.81e-09 9.75e-11
49 2 2.21e-09 7.59e-11
49.4 2 1.77e-09 5.91e-11
49.8 2 1.55e-09 4.6e-11
50.2 2 1.31e-09 3.59e-11
50.6 2 1.18e-09 2.81e-11
51 2 1.03e-09 2.14e-11
51.5 2 9.65e-10 1.55e-11
52.2 2 9.78e-10 1.03e-11
53 2 9.42e-10 6.13e-12
53.9 2 9.59e-10 3.47e-12
54.9 2 1e-09 1.95e-12
55.4 2 1e-09 1.24e-12
56.3 2 1.13e-09 7.85e-13
57.3 2 1.2e-09 4.37e-13
57.8 2 1.25e-09 2.38e-13
59.2 2 1.27e-09 1.47e-13
59.8 2 1.24e-09 7.69e-14
60.8 2 1.2e-09 5.11e-14
61.5 2 1.11e-09 2.91e-14
62.5 2 1.17e-09 1.59e-14
63.4 2 1.17e-09 9.23e-15
64.1 2 1.16e-09 5.63e-15
65.1 2 1.27e-09 3.54e-15
66 2 1.25e-09 1.9e-15
67 2 1.22e-09 9.81e-16
67.8 2 1.21e-09 5.21e-16
69.3 2 1.28e-09 2.97e-16
