-15 0.152 0.523 0.15 1
-14.6 0.161 0.545 0.159 1
-14.2 0.17 0.567 0.168 1
-13.8 0.18 0.589 0.177 1
-13.4 0.19 0.611 0.187 1
-13 0.2 0.633 0.197 1
-12.6 0.211 0.656 0.208 1
-12.2 0.223 0.678 0.219 1
-11.8 0.235 0.701 0.23 1
-11.4 0.247 0.724 0.242 1
-11 0.26 0.747 0.254 1
-10.6 0.273 0.771 0.266 1
-10.2 0.287 0.794 0.279 1
-9.8 0.302 0.817 0.293 1
-9.4 0.316 0.84 0.306 1
-9 0.331 0.863 0.32 1
-8.6 0.347 0.886 0.335 1
-8.2 0.363 0.908 0.349 1
-7.8 0.379 0.93 0.364 1
-7.4 0.396 0.952 0.379 1
-7 0.413 0.973 0.394 1
-6.6 0.431 0.994 0.409 1
-6.2 0.448 1.01 0.425 1
-5.8 0.467 1.04 0.44 1
-5.4 0.485 1.06 0.456 1
-5 0.504 1.08 0.471 1
-4.6 0.523 1.09 0.487 1
-4.2 0.542 1.11 0.502 1
-3.8 0.561 1.13 0.517 1
-3.4 0.58 1.14 0.532 1
-3 0.6 1.15 0.546 0.91
-2.6 0.62 1.16 0.561 0.904
-2.2 0.64 1.17 0.576 0.9
-1.8 0.66 1.17 0.587 0.89
11.7 1.34 1.17 0.589 0.441
12.1 1.36 1.17 0.58 0.428
12.5 1.38 1.16 0.564 0.41
12.9 1.39 1.15 0.55 0.394
13.3 1.41 1.14 0.535 0.378
13.7 1.43 1.13 0.521 0.363
14.1 1.45 1.12 0.506 0.348
14.5 1.47 1.1 0.49 0.333
14.9 1.49 1.08 0.475 0.318
15.3 1.51 1.06 0.46 0.304
15.7 1.53 1.04 0.444 0.29
16.1 1.55 1.02 0.429 0.277
16.5 1.57 0.999 0.413 0.264
16.9 1.58 0.978 0.398 0.251
17.3 1.6 0.957 0.383 0.239
17.7 1.62 0.936 0.368 0.227
18.1 1.63 0.914 0.353 0.216
18.5 1.65 0.891 0.338 0.205
18.9 1.67 0.869 0.324 0.194
19.3 1.68 0.846 0.31 0.184
19.7 1.7 0.823 0.296 0.175
20.1 1.71 0.8 0.283 0.165
20.5 1.72 0.776 0.27 0.156
20.9 1.74 0.753 0.257 0.148
21.3 1.75 0.73 0.245 0.14
21.7 1.76 0.706 0.233 0.132
22.1 1.77 0.683 0.221 0.125
22.5 1.79 0.66 0.21 0.118
22.9 1.8 0.638 0.2 0.111
23.3 1.81 0.615 0.189 0.105
23.7 1.82 0.593 0.179 0.0987
24.1 1.83 0.571 0.17 0.093
24.5 1.84 0.55 0.161 0.0875
24.9 1.85 0.529 0.152 0.0824
25.3 1.85 0.508 0.144 0.0776
25.7 1.86 0.488 0.136 0.073
26.1 1.87 0.468 0.128 0.0686
26.5 1.88 0.449 0.121 0.0645
26.9 1.88 0.43 0.114 0.0606
27.3 1.89 0.412 0.108 0.0569
27.7 1.9 0.395 0.101 0.0534
28.1 1.9 0.378 0.0955 0.0502
28.5 1.91 0.361 0.09 0.0471
28.9 1.91 0.345 0.0847 0.0442
29.3 1.92 0.33 0.0797 0.0415
29.7 1.92 0.315 0.075 0.039
30.1 1.93 0.3 0.0705 0.0365
30.5 1.93 0.286 0.0663 0.0343
30.9 1.94 0.273 0.0623 0.0321
31.3 1.94 0.26 0.0585 0.0301
31.7 1.95 0.248 0.055 0.0283
32.1 1.95 0.236 0.0516 0.0265
32.5 1.95 0.225 0.0485 0.0248
32.9 1.95 0.214 0.0455 0.0233
33.3 1.96 0.203 0.0427 0.0218
33.7 1.96 0.193 0.0401 0.0204
34.1 1.96 0.184 0.0376 0.0191
34.5 1.97 0.175 0.0352 0.0179
34.9 1.97 0.166 0.033 0.0168
35.3 1.97 0.158 0.031 0.0157
35.7 1.97 0.15 0.029 0.0147
36.1 1.97 0.142 0.0272 0.0138
36.5 1.97 0.135 0.0255 0.0129
36.9 1.98 0.128 0.0239 0.0121
37.3 1.98 0.121 0.0224 0.0113
37.7 1.98 0.115 0.021 0.0106
38.1 1.98 0.109 0.0197 0.00993
38.5 1.98 0.103 0.0184 0.00929
38.9 1.98 0.0979 0.0172 0.0087
39.3 1.98 0.0927 0.0162 0.00815
39.7 1.99 0.0878 0.0151 0.00763
40.1 1.99 0.0832 0.0142 0.00714
40.5 1.99 0.0787 0.0133 0.00667
40.9 1.99 0.0746 0.0124 0.00625
41.3 1.99 0.0706 0.0116 0.00585
41.7 1.99 0.0668 0.0109 0.00548
42.1 1.99 0.0632 0.0102 0.00513
42.5 1.99 0.0598 0.00954 0.0048
42.9 1.99 0.0566 0.00894 0.00449
43.3 1.99 0.0535 0.00837 0.00421
43.7 1.99 0.0506 0.00784 0.00394
44.1 1.99 0.0478 0.00733 0.00368
44.5 1.99 0.0452 0.00686 0.00345
44.9 1.99 0.0428 0.00642 0.00322
45.3 1.99 0.0404 0.00601 0.00302
45.7 1.99 0.0382 0.00563 0.00282
46.1 1.99 0.0361 0.00527 0.00264
46.5 2 0.0341 0.00493 0.00247
46.9 2 0.0322 0.00461 0.00231
47.3 2 0.0304 0.00432 0.00216
47.7 2 0.0288 0.00404 0.00202
48.1 2 0.0272 0.00378 0.00189
48.5 2 0.0256 0.00354 0.00177
48.9 2 0.0242 0.00331 0.00166
49.3 2 0.0229 0.0031 0.00155
49.7 2 0.0216 0.0029 0.00145
50.1 2 0.0204 0.00271 0.00136
50.5 2 0.0192 0.00254 0.00127
50.9 2 0.0182 0.00237 0.00119
51.3 2 0.0171 0.00222 0.00111
51.7 2 0.0162 0.00208 0.00104
52.1 2 0.0153 0.00194 0.000972
52.5 2 0.0144 0.00182 0.000909
52.9 2 0.0136 0.0017 0.000851
53.3 2 0.0128 0.00159 0.000796
53.7 2 0.0121 0.00149 0.000745
54.1 2 0.0114 0.00139 0.000697
54.5 2 0.0108 0.0013 0.000652
54.9 2 0.0101 0.00122 0.00061
55.3 2 0.00957 0.00114 0.00057
55.7 2 0.00902 0.00107 0.000534
56.1 2 0.00851 0.001 0.0005
56.5 2 0.00802 0.000935 0.000468
56.9 2 0.00756 0.000875 0.000437
57.3 2 0.00713 0.000818 0.000409
57.7 2 0.00672 0.000765 0.000383
58.1 2 0.00634 0.000716 0.000358
58.5 2 0.00597 0.00067 0.000335
58.9 2 0.00563 0.000627 0.000313
59.3 2 0.0053 0.000586 0.000293
59.7 2 0.005 0.000549 0.000274
60.1 2 0.00471 0.000513 0.000257
60.5 2 0.00444 0.00048 0.00024
60.9 2 0.00418 0.000449 0.000225
61.3 2 0.00394 0.00042 0.00021
61.7 2 0.00371 0.000393 0.000197
62.1 2 0.0035 0.000368 0.000184
62.5 2 0.0033 0.000344 0.000172
62.9 2 0.0031 0.000322 0.000161
63.3 2 0.00292 0.000301 0.000151
63.7 2 0.00275 0.000282 0.000141
64.1 2 0.00259 0.000264 0.000132
64.5 2 0.00244 0.000247 0.000123
64.9 2 0.0023 0.000231 0.000115
65.3 2 0.00217 0.000216 0.000108
65.7 2 0.00204 0.000202 0.000101
66.1 2 0.00192 0.000189 9.45e-05
66.5 2 0.00181 0.000177 8.84e-05
66.9 2 0.0017 0.000165 8.27e-05
67.3 2 0.0016 0.000155 7.74e-05
67.7 2 0.00151 0.000145 7.24e-05
68.1 2 0.00142 0.000135 6.77e-05
68.5 2 0.00134 0.000127 6.33e-05
68.9 2 0.00126 0.000119 5.93e-05
69.3 2 0.00119 0.000111 5.54e-05
69.7 2 0.00112 0.000104 5.19e-05
70.1 2 0.00105 9.69e-05 4.85e-05
70.5 2 0.00099 9.07e-05 4.54e-05
70.9 2 0.000932 8.49e-05 4.24e-05
71.3 2 0.000877 7.94e-05 3.97e-05
71.7 2 0.000825 7.43e-05 3.71e-05
72.1 2 0.000776 6.95e-05 3.48e-05
72.5 2 0.000731 6.5e-05 3.25e-05
72.9 2 0.000688 6.08e-05 3.04e-05
73.3 2 0.000647 5.69e-05 2.84e-05
73.7 2 0.000609 5.32e-05 2.66e-05
74.1 2 0.000573 4.98e-05 2.49e-05
74.5 2 0.000539 4.66e-05 2.33e-05
74.9 2 0.000507 4.36e-05 2.18e-05
75.3 2 0.000477 4.08e-05 2.04e-05
75.7 2 0.000449 3.81e-05 1.91e-05
76.1 2 0.000422 3.57e-05 1.78e-05
76.5 2 0.000397 3.34e-05 1.67e-05
76.9 2 0.000374 3.12e-05 1.56e-05
77.3 2 0.000352 2.92e-05 1.46e-05
77.7 2 0.000331 2.73e-05 1.37e-05
78.1 2 0.000311 2.56e-05 1.28e-05
78.5 2 0.000293 2.39e-05 1.2e-05
78.9 2 0.000275 2.24e-05 1.12e-05
79.3 2 0.000259 2.09e-05 1.05e-05
79.7 2 0.000244 1.96e-05 9.78e-06
80.1 2 0.000229 1.83e-05 9.15e-06
80.5 2 0.000215 1.71e-05 8.57e-06
80.9 2 0.000203 1.6e-05 8.02e-06
81.3 2 0.000191 1.5e-05 7.51e-06
81.7 2 0.000179 1.4e-05 7.02e-06
82.1 2 0.000169 1.31e-05 6.56e-06
82.5 2 0.000158 1.23e-05 6.14e-06
82.9 2 0.000149 1.15e-05 5.75e-06
83.3 2 0.00014 1.07e-05 5.37e-06
83.7 2 0.000132 1.01e-05 5.03e-06
84.1 2 0.000124 9.41e-06 4.71e-06
84.5 2 0.000116 8.8e-06 4.4e-06
84.9 2 0.00011 8.23e-06 4.12e-06
85.3 2 0.000103 7.7e-06 3.85e-06
85.7 2 9.68e-05 7.2e-06 3.6e-06
86.1 2 9.1e-05 6.74e-06 3.37e-06
86.5 2 8.56e-05 6.31e-06 3.15e-06
86.9 2 8.04e-05 5.9e-06 2.95e-06
87.3 2 7.56e-05 5.52e-06 2.76e-06
87.7 2 7.11e-05 5.16e-06 2.58e-06
88.1 2 6.68e-05 4.83e-06 2.41e-06
88.5 2 6.28e-05 4.52e-06 2.26e-06
88.9 2 5.9e-05 4.23e-06 2.11e-06
89.3 2 5.55e-05 3.95e-06 1.98e-06
89.7 2 5.22e-05 3.7e-06 1.85e-06
90.1 2 4.9e-05 3.46e-06 1.73e-06
90.5 2 4.61e-05 3.24e-06 1.62e-06
90.9 2 4.33e-05 3.03e-06 1.51e-06
91.3 2 4.07e-05 2.83e-06 1.42e-06
91.7 2 3.82e-05 2.65e-06 1.33e-06
92.1 2 3.59e-05 2.48e-06 1.24e-06
92.5 2 3.38e-05 2.32e-06 1.16e-06
92.9 2 3.17e-05 2.17e-06 1.08e-06
93.3 2 2.98e-05 2.03e-06 1.01e-06
93.7 2 2.8e-05 1.9e-06 9.5e-07
94.1 2 2.63e-05 1.78e-06 8.89e-07
94.5 2 2.48e-05 1.66e-06 8.31e-07
94.9 2 2.33e-05 1.55e-06 7.76e-07
95.3 2 2.18e-05 1.45e-06 7.27e-07
95.7 2 2.04e-05 1.36e-06 6.8e-07
96.1 2 1.91e-05 1.27e-06 6.36e-07
96.5 2 1.78e-05 1.19e-06 5.95e-07
96.9 2 1.66e-05 1.11e-06 5.57e-07
97.3 2 1.56e-05 1.04e-06 5.21e-07
97.7 2 1.46e-05 9.76e-07 4.88e-07
98.1 2 1.38e-05 9.12e-07 4.56e-07
98.5 2 1.32e-05 8.53e-07 4.27e-07
98.9 2 1.27e-05 7.98e-07 3.99e-07
99.3 2 1.24e-05 7.41e-07 3.7e-07
99.7 2 1.22e-05 7.03e-07 3.51e-07
