-8.6 0.024 0.117 1
-8.2 0.0311 0.141 1
-7.8 0.0398 0.167 1
-7.4 0.0504 0.198 1
-7 0.0631 0.231 1
-6.6 0.0783 0.268 1
-6.2 0.096 0.308 1
-5.8 0.117 0.351 1
-5.4 0.14 0.396 1
-5 0.166 0.443 1
-4.6 0.196 0.491 1
-4.2 0.228 0.54 1
-3.8 0.263 0.588 1
-3.4 0.3 0.636 1
-3 0.34 0.682 1
-2.6 0.382 0.725 1
-2.2 0.425 0.766 1
-1.8 0.47 0.802 1.07
-1.4 0.515 0.835 1.08
-1 0.56 0.864 1.09
-0.6 0.605 0.888 1.1
-0.2 0.649 0.908 1.11
0.2 0.693 0.923 1.12
0.6 0.735 0.936 1.13
1 0.775 0.945 1.14
1.4 0.814 0.951 1.14
1.8 0.852 0.956 1.13
2.2 0.888 0.959 1.12
2.6 0.924 0.96 1.1
3 0.958 0.961 1.08
3.4 0.992 0.962 1.05
3.8 1.03 0.962 1.01
4.2 1.06 0.961 0.971
4.6 1.09 0.96 0.922
5 1.13 0.957 0.867
5.4 1.17 0.954 0.809
5.8 1.21 0.948 0.749
6.2 1.25 0.941 0.687
6.6 1.29 0.93 0.625
7 1.33 0.916 0.565
7.4 1.37 0.898 0.506
7.8 1.42 0.876 0.451
8.2 1.46 0.85 0.399
8.6 1.51 0.819 0.35
9 1.55 0.785 0.305
9.4 1.6 0.746 0.265
9.8 1.64 0.704 0.228
10.2 1.68 0.659 0.195
10.6 1.72 0.612 0.166
11 1.75 0.564 0.14
11.4 1.79 0.516 0.117
11.8 1.82 0.467 0.0978
12.2 1.85 0.42 0.0808
12.6 1.87 0.373 0.0664
13 1.89 0.329 0.0543
13.4 1.91 0.288 0.0441
13.8 1.93 0.249 0.0356
14.2 1.94 0.214 0.0285
14.6 1.96 0.182 0.0228
15 1.96 0.154 0.0181
15.4 1.97 0.128 0.0144
15.8 1.98 0.106 0.0113
16.2 1.98 0.0875 0.00891
16.6 1.99 0.0715 0.00701
17 1.99 0.0581 0.0055
17.4 1.99 0.0469 0.00431
17.8 2 0.0377 0.00337
18.2 2 0.0301 0.00263
18.6 2 0.024 0.00205
19 2 0.0191 0.0016
19.4 2 0.0151 0.00125
19.8 2 0.012 0.000974
20.2 2 0.00946 0.00076
20.6 2 0.00749 0.000593
21 2 0.00592 0.000463
21.4 2 0.00469 0.000361
21.8 2 0.00371 0.000281
22.2 2 0.00293 0.000219
22.6 2 0.00232 0.00017
23 2 0.00183 0.000133
23.4 2 0.00145 0.000103
23.8 2 0.00115 8.04e-05
24.2 2 0.000907 6.27e-05
24.6 2 0.000719 4.88e-05
25 2 0.000569 3.8e-05
25.4 2 0.00045 2.96e-05
25.8 2 0.000356 2.31e-05
26.2 2 0.000282 1.8e-05
26.6 2 0.000223 1.4e-05
27 2 0.000176 1.09e-05
27.4 2 0.000139 8.49e-06
27.8 2 0.00011 6.61e-06
28.2 2 8.68e-05 5.15e-06
28.6 2 6.85e-05 4.01e-06
29 2 5.4e-05 3.12e-06
29.4 2 4.27e-05 2.43e-06
29.8 2 3.38e-05 1.89e-06
30.2 2 2.67e-05 1.47e-06
30.6 2 2.11e-05 1.15e-06
31 2 1.66e-05 8.95e-07
31.4 2 1.31e-05 6.96e-07
31.8 2 1.03e-05 5.43e-07
32.2 2 8.17e-06 4.23e-07
32.6 2 6.45e-06 3.29e-07
33 2 5.09e-06 2.56e-07
33.4 2 4.01e-06 2e-07
33.8 2 3.16e-06 1.55e-07
34.2 2 2.49e-06 1.21e-07
34.6 2 1.96e-06 9.43e-08
35 2 1.54e-06 7.35e-08
35.4 2 1.22e-06 5.72e-08
35.8 2 9.58e-07 4.45e-08
36.2 2 7.55e-07 3.47e-08
36.6 2 5.96e-07 2.7e-08
37 2 4.7e-07 2.1e-08
37.4 2 3.69e-07 1.64e-08
37.8 2 2.91e-07 1.28e-08
38.2 2 2.29e-07 9.94e-09
38.6 2 1.8e-07 7.75e-09
39 2 1.42e-07 6.03e-09
39.4 2 1.12e-07 4.69e-09
39.8 2 8.76e-08 3.65e-09
40.2 2 6.87e-08 2.85e-09
40.6 2 5.39e-08 2.22e-09
41 2 4.25e-08 1.73e-09
41.4 2 3.35e-08 1.35e-09
41.8 2 2.62e-08 1.05e-09
42.2 2 2.05e-08 8.15e-10
42.6 2 1.61e-08 6.34e-10
43 2 1.26e-08 4.94e-10
43.4 2 9.84e-09 3.85e-10
43.8 2 7.69e-09 3e-10
44.2 2 6e-09 2.34e-10
44.6 2 4.7e-09 1.82e-10
45 2 3.67e-09 1.42e-10
45.4 2 2.88e-09 1.1e-10
45.8 2 2.27e-09 8.6e-11
46.2 2 1.78e-09 6.7e-11
46.6 2 1.42e-09 5.21e-11
47 2 1.13e-09 4.06e-11
47.4 2 8.91e-10 3.16e-11
47.8 2 7.44e-10 2.47e-11
48.2 2 6.53e-10 1.94e-11
48.6 2 5.52e-10 1.43e-11
49.4 2 4.61e-10 8.87e-12
50.9 2 4.53e-10 4.2e-12
52.1 2 4.19e-10 1.63e-12
52.6 2 4.28e-10 9.72e-13
53.2 2 4.53e-10 8.39e-13
54 2 4.56e-10 5.44e-13
54.7 2 4.51e-10 3.27e-13
55.5 2 4.93e-10 2.06e-13
56.3 2 5.29e-10 1.24e-13
57.4 2 5.14e-10 7.01e-14
58.5 2 5.49e-10 3.56e-14
59.4 2 5.41e-10 1.78e-14
60 2 5.6e-10 9.91e-15
61.3 2 5.68e-10 5.48e-15
62.1 2 5.64e-10 2.81e-15
63.4 2 5.86e-10 1.53e-15
64.1 2 6.23e-10 8.42e-16
65 2 6.27e-10 5.39e-16
65.5 2 6.08e-10 3.72e-16
66.1 2 6.03e-10 2.55e-16
66.6 2 6.11e-10 1.96e-16
67 2 6.26e-10 1.39e-16
67.6 2 6.19e-10 1.13e-16
