-15 0.3 0.833 1 0.0136 0.147
-14.6 0.311 0.851 1 0.0271 0.285
-14.2 0.322 0.868 1 0.0268 0.266
-13.8 0.333 0.886 1 0.0265 0.248
-13.4 0.344 0.903 1 0.0262 0.233
-13 0.355 0.92 1 0.0271 0.228
-12.6 0.367 0.938 1 0.0279 0.223
-12.2 0.379 0.955 1 0.0276 0.209
-11.8 0.391 0.972 1 0.0285 0.204
-11.4 0.404 0.989 1 0.0293 0.199
-11 0.417 1.01 1 0.029 0.187
-10.6 0.43 1.02 1 0.0287 0.176
-10.2 0.443 1.04 1 0.0284 0.166
-9.8 0.456 1.06 1 0.0292 0.162
-9.4 0.47 1.08 0.866 0.03 0.159
-9 0.484 1.09 0.861 0.0297 0.15
-8.6 0.498 1.11 0.856 0.0305 0.146
-8.2 0.513 1.12 0.85 0.0302 0.138
-7.8 0.527 1.14 0.844 0.0299 0.13
-7.4 0.542 1.15 0.838 0.0307 0.128
-7 0.557 1.15 0.832 0.0314 0.125
-6.6 0.573 1.16 0.827 0.0311 0.118
-6.2 0.588 1.16 0.819 0.0294 0.0813
13.1 1.41 1.16 0.343 0.0218 0.0319
13.5 1.42 1.16 0.334 0.0222 0.0185
13.9 1.44 1.16 0.324 0.0222 0.0182
14.3 1.45 1.15 0.314 0.0221 0.0177
14.7 1.47 1.14 0.305 0.022 0.0175
15.1 1.48 1.13 0.295 0.0219 0.017
15.5 1.5 1.11 0.286 0.0219 0.0168
15.9 1.51 1.1 0.277 0.0218 0.0163
16.3 1.53 1.08 0.268 0.0217 0.0161
16.7 1.54 1.06 0.26 0.0144 0.0105
17.1 1.55 1.04 0.251 0.0216 0.0155
17.5 1.57 1.03 0.243 0.0215 0.0153
17.9 1.58 1.01 0.235 0.0143 0.01
18.3 1.59 0.993 0.227 0.0214 0.0147
18.7 1.61 0.976 0.22 0.0214 0.0146
19.1 1.62 0.959 0.212 0.0142 0.00953
19.5 1.63 0.942 0.205 0.0142 0.00941
19.9 1.64 0.925 0.198 0.0141 0.0093
20.3 1.65 0.907 0.191 0.0141 0.00918
20.7 1.66 0.89 0.184 0.0211 0.0135
21.1 1.68 0.873 0.177 0.0211 0.0134
21.5 1.69 0.855 0.171 0.014 0.00875
21.9 1.7 0.838 0.165 0.014 0.00865
22.3 1.71 0.82 0.159 0.0139 0.00855
22.7 1.72 0.803 0.153 0.0139 0.00845
23.1 1.73 0.785 0.147 0.0139 0.00835
23.5 1.74 0.768 0.142 0.0139 0.00826
23.9 1.75 0.751 0.136 0.00692 0.00411
24.3 1.75 0.734 0.131 0.00691 0.00406
24.7 1.76 0.717 0.126 0.0138 0.00807
25.1 1.77 0.7 0.122 0.0138 0.00798
25.5 1.78 0.683 0.117 0.0138 0.00789
25.9 1.79 0.667 0.112 0.0137 0.0078
26.3 1.8 0.65 0.108 0.00686 0.00388
26.7 1.8 0.634 0.104 0.00684 0.00384
27.1 1.81 0.618 0.0998 0.0137 0.00763
27.5 1.82 0.602 0.0959 0.00683 0.00379
27.9 1.82 0.587 0.0922 0.00682 0.00375
28.3 1.83 0.572 0.0885 0.0136 0.00747
28.7 1.84 0.556 0.085 0.00681 0.00371
29.1 1.84 0.542 0.0816 0.00679 0.00367
29.5 1.85 0.527 0.0783 0.0136 0.0073
29.9 1.86 0.512 0.0752 0.00678 0.00363
30.3 1.86 0.498 0.0721 0.00677 0.00359
30.7 1.87 0.484 0.0692 0.00677 0.00359
31.1 1.87 0.471 0.0664 0.00676 0.00356
31.5 1.88 0.457 0.0637 0.00676 0.00356
31.9 1.88 0.444 0.0611 0.00675 0.00352
32.3 1.89 0.431 0.0586 0.00675 0.00352
32.7 1.89 0.419 0.0562 0.00673 0.00348
33.1 1.9 0.406 0.0538 0.00673 0.00348
33.5 1.9 0.394 0.0517 0 0
33.9 1.9 0.383 0.0496 0.00672 0.00344
34.3 1.91 0.371 0.0475 0.00672 0.00344
34.7 1.91 0.36 0.0456 0 0
35.1 1.91 0.349 0.0437 0.00671 0.00341
35.5 1.92 0.338 0.0418 0.00671 0.00341
35.9 1.92 0.328 0.0401 0 0
36.3 1.92 0.318 0.0384 0.0067 0.00337
36.7 1.93 0.308 0.0368 0.0067 0.00337
37.1 1.93 0.298 0.0353 0 0
37.5 1.93 0.289 0.0338 0.00669 0.00334
37.9 1.94 0.279 0.0324 0.00669 0.00334
38.3 1.94 0.27 0.031 0 0
38.7 1.94 0.262 0.0297 0 0
39.1 1.94 0.253 0.0285 0.00668 0.0033
39.5 1.95 0.245 0.0273 0.00668 0.0033
39.9 1.95 0.237 0.0261 0 0
40.3 1.95 0.229 0.025 0 0
40.7 1.95 0.222 0.0239 0.00666 0.00327
41.1 1.96 0.214 0.0229 0.00666 0.00327
41.5 1.96 0.207 0.0219 0 0
41.9 1.96 0.2 0.021 0 0
42.3 1.96 0.194 0.0201 0 0
42.7 1.96 0.187 0.0193 0 0
43.1 1.96 0.181 0.0184 0.00665 0.00324
43.5 1.97 0.175 0.0176 0.00665 0.00324
43.9 1.97 0.169 0.0169 0 0
44.3 1.97 0.163 0.0162 0 0
44.7 1.97 0.157 0.0155 0 0
45.1 1.97 0.152 0.0148 0 0
45.5 1.97 0.147 0.0142 0 0
45.9 1.97 0.142 0.0136 0 0
46.3 1.97 0.137 0.013 0.00664 0.0032
46.7 1.98 0.132 0.0124 0.00664 0.0032
47.1 1.98 0.128 0.0119 0 0
47.5 1.98 0.123 0.0114 0 0
47.9 1.98 0.119 0.0109 0 0
48.3 1.98 0.115 0.0104 0 0
48.7 1.98 0.111 0.00999 0 0
49.1 1.98 0.107 0.00955 0 0
49.5 1.98 0.103 0.00913 0 0
49.9 1.98 0.0994 0.00874 0 0
50.3 1.98 0.0958 0.00837 0 0
50.7 1.98 0.0924 0.00801 0.00663 0.00317
51.1 1.99 0.0891 0.00766 0.00663 0.00317
51.5 1.99 0.0859 0.00733 0 0
51.9 1.99 0.0828 0.00701 0 0
52.3 1.99 0.0798 0.00671 0 0
52.7 1.99 0.0769 0.00643 0 0
53.1 1.99 0.0742 0.00615 0 0
53.5 1.99 0.0715 0.00588 0 0
53.9 1.99 0.0689 0.00562 0 0
54.3 1.99 0.0664 0.00538 0 0
54.7 1.99 0.064 0.00515 0 0
55.1 1.99 0.0617 0.00493 0 0
55.5 1.99 0.0594 0.00471 0 0
55.9 1.99 0.0573 0.00451 0 0
56.3 1.99 0.0552 0.00432 0 0
56.7 1.99 0.0532 0.00413 0 0
57.1 1.99 0.0512 0.00396 0 0
57.5 1.99 0.0493 0.00379 0 0
57.9 1.99 0.0475 0.00362 0 0
58.3 1.99 0.0458 0.00347 0 0
58.7 1.99 0.0441 0.00331 0 0
59.1 1.99 0.0425 0.00317 0 0
59.5 1.99 0.0409 0.00303 0 0
59.9 1.99 0.0394 0.0029 0 0
60.3 1.99 0.0379 0.00277 0 0
60.7 1.99 0.0365 0.00265 0 0
61.1 1.99 0.0352 0.00254 0.00662 0.00314
61.5 2 0.034 0.00243 0.00662 0.00314
61.9 2 0.0332 0.00232 0 0
62.3 2 0.0322 0.00222 0 0
62.7 2 0.031 0.00212 0 0
63.1 2 0.0297 0.00203 0 0
63.5 2 0.0282 0.00194 0 0
63.9 2 0.0267 0.00186 0 0
64.3 2 0.0251 0.00178 0 0
64.7 2 0.0234 0.0017 0 0
65.1 2 0.0217 0.00163 0 0
65.5 2 0.02 0.0016 0 0
65.9 2 0.0183 0.00149 0 0
66.3 2 0.0167 0.00116 0 0
74.3 2 0.0151 0.000778 0 0
74.7 2 0.0136 0.000518 0 0
75.1 2 0.0121 0.000536 0 0
75.5 2 0.0108 0.000513 0 0
75.9 2 0.00961 0.000491 0 0
76.3 2 0.00855 0.000469 0 0
76.7 2 0.00763 0.000449 0 0
77.1 2 0.00689 0.00043 0 0
77.5 2 0.00633 0.000411 0 0
77.9 2 0.00596 0.000393 0 0
78.3 2 0.0058 0.000376 0 0
78.7 2 0.00586 0.00036 0 0
79.1 2 0.00615 0.000344 0 0
79.5 2 0.00591 0.000329 0 0
79.9 2 0.00568 0.000315 0 0
80.3 2 0.00546 0.000301 0 0
80.7 2 0.00525 0.000288 0 0
81.1 2 0.00505 0.000275 0 0
81.5 2 0.00485 0.000264 0 0
81.9 2 0.00466 0.000252 0 0
82.3 2 0.00448 0.000241 0 0
82.7 2 0.00431 0.000231 0 0
83.1 2 0.00414 0.000221 0 0
83.5 2 0.00398 0.000211 0 0
83.9 2 0.00382 0.000202 0 0
84.3 2 0.00367 0.000193 0 0
84.7 2 0.00353 0.000185 0 0
85.1 2 0.00339 0.000177 0 0
85.5 2 0.00326 0.000169 0 0
85.9 2 0.00313 0.000162 0 0
86.3 2 0.00301 0.000155 0 0
86.7 2 0.00289 0.000148 0 0
87.1 2 0.00278 0.000142 0 0
87.5 2 0.00267 0.000135 0 0
87.9 2 0.00257 0.00013 0 0
88.3 2 0.00247 0.000124 0 0
88.7 2 0.00237 0.000118 0 0
89.1 2 0.00228 0.000113 0 0
89.5 2 0.00219 0.000108 0 0
89.9 2 0.0021 0.000104 0 0
90.3 2 0.00202 9.92e-05 0 0
90.7 2 0.00194 9.48e-05 0 0
91.1 2 0.00186 9.07e-05 0 0
91.5 2 0.00179 8.68e-05 0 0
91.9 2 0.00172 8.3e-05 0 0
92.3 2 0.00165 7.94e-05 0 0
92.7 2 0.00159 7.6e-05 0 0
93.1 2 0.00152 7.27e-05 0 0
93.5 2 0.00146 6.95e-05 0 0
93.9 2 0.00141 6.64e-05 0 0
94.3 2 0.00135 6.36e-05 0 0
94.7 2 0.0013 6.08e-05 0 0
95.1 2 0.00125 5.82e-05 0 0
95.5 2 0.00119 5.57e-05 0 0
95.9 2 0.00114 5.32e-05 0 0
96.3 2 0.00109 5.09e-05 0 0
96.7 2 0.00104 4.87e-05 0 0
97.1 2 0.000998 4.66e-05 0 0
97.5 2 0.000959 4.46e-05 0 0
97.9 2 0.000924 4.26e-05 0 0
98.3 2 0.000894 4.08e-05 0 0
98.7 2 0.000871 3.9e-05 0 0
99.1 2 0.000854 3.72e-05 0 0
99.5 2 0.000844 3.55e-05 0 0
99.9 2 0.00084 3.49e-05 0 0
