-15 0.053 0.236 0.0531 1
-14.6 0.0583 0.256 0.0584 1
-14.2 0.064 0.276 0.064 1
-13.8 0.0702 0.296 0.0702 1
-13.4 0.077 0.317 0.0769 1
-13 0.0844 0.339 0.0842 1
-12.6 0.0924 0.361 0.0921 1
-12.2 0.101 0.385 0.101 1
-11.8 0.11 0.41 0.11 1
-11.4 0.121 0.435 0.12 1
-11 0.132 0.463 0.131 1
-10.6 0.143 0.491 0.142 1
-10.2 0.156 0.52 0.155 1
-9.8 0.169 0.55 0.168 1
-9.4 0.184 0.581 0.182 1
-9 0.199 0.613 0.197 1
-8.6 0.215 0.645 0.213 1
-8.2 0.233 0.678 0.23 1
-7.8 0.251 0.71 0.247 1
-7.4 0.27 0.743 0.266 1
-7 0.29 0.776 0.285 1
-6.6 0.311 0.809 0.305 1
-6.2 0.333 0.841 0.326 1
-5.8 0.356 0.872 0.347 1
-5.4 0.379 0.903 0.369 1
-5 0.404 0.934 0.392 1
-4.6 0.429 0.963 0.415 1
-4.2 0.454 0.992 0.438 1
-3.8 0.481 1.02 0.461 0.959
-3.4 0.508 1.05 0.485 0.954
-3 0.535 1.07 0.508 0.949
-2.6 0.563 1.1 0.531 0.942
-2.2 0.591 1.12 0.553 0.936
-1.8 0.619 1.13 0.575 0.928
-1.4 0.648 1.15 0.596 0.92
-1 0.677 1.16 0.616 0.91
-0.6 0.705 1.17 0.637 0.903
-0.2 0.734 1.17 0.652 0.888
7.1 1.26 1.17 0.654 0.519
7.5 1.29 1.17 0.641 0.498
7.9 1.32 1.16 0.621 0.472
8.3 1.35 1.15 0.601 0.447
8.7 1.37 1.14 0.58 0.422
9.1 1.4 1.12 0.558 0.398
9.5 1.43 1.1 0.536 0.375
9.9 1.46 1.08 0.514 0.352
10.3 1.49 1.05 0.49 0.33
10.7 1.51 1.03 0.467 0.309
11.1 1.54 0.999 0.444 0.288
11.5 1.57 0.97 0.421 0.269
11.9 1.59 0.941 0.398 0.25
12.3 1.62 0.911 0.375 0.232
12.7 1.64 0.88 0.353 0.215
13.1 1.66 0.849 0.331 0.199
13.5 1.68 0.817 0.31 0.184
13.9 1.71 0.784 0.29 0.17
14.3 1.73 0.751 0.27 0.157
14.7 1.74 0.719 0.252 0.144
15.1 1.76 0.686 0.234 0.133
15.5 1.78 0.653 0.217 0.122
15.9 1.8 0.621 0.201 0.112
16.3 1.81 0.589 0.186 0.102
16.7 1.83 0.558 0.171 0.0938
17.1 1.84 0.528 0.158 0.0858
17.5 1.85 0.498 0.145 0.0784
17.9 1.87 0.469 0.133 0.0715
18.3 1.88 0.442 0.123 0.0653
18.7 1.89 0.415 0.112 0.0596
19.1 1.9 0.389 0.103 0.0543
19.5 1.91 0.365 0.0943 0.0495
19.9 1.91 0.341 0.0861 0.045
20.3 1.92 0.319 0.0787 0.041
20.7 1.93 0.298 0.0718 0.0373
21.1 1.93 0.277 0.0655 0.0339
21.5 1.94 0.258 0.0597 0.0307
21.9 1.95 0.24 0.0543 0.0279
22.3 1.95 0.224 0.0495 0.0254
22.7 1.95 0.208 0.045 0.023
23.1 1.96 0.193 0.0409 0.0209
23.5 1.96 0.179 0.0372 0.019
23.9 1.97 0.166 0.0338 0.0172
24.3 1.97 0.153 0.0307 0.0156
24.7 1.97 0.142 0.0279 0.0141
25.1 1.98 0.131 0.0253 0.0128
25.5 1.98 0.121 0.023 0.0116
25.9 1.98 0.112 0.0208 0.0105
26.3 1.98 0.103 0.0189 0.00952
26.7 1.98 0.0954 0.0171 0.00862
27.1 1.98 0.088 0.0155 0.00782
27.5 1.99 0.0811 0.0141 0.00708
27.9 1.99 0.0748 0.0127 0.00641
28.3 1.99 0.0689 0.0115 0.00581
28.7 1.99 0.0634 0.0105 0.00526
29.1 1.99 0.0584 0.00948 0.00477
29.5 1.99 0.0537 0.00859 0.00431
29.9 1.99 0.0494 0.00778 0.0039
30.3 1.99 0.0454 0.00704 0.00353
30.7 1.99 0.0418 0.00638 0.0032
31.1 1.99 0.0384 0.00578 0.0029
31.5 2 0.0353 0.00523 0.00262
31.9 2 0.0324 0.00473 0.00237
32.3 2 0.0298 0.00429 0.00215
32.7 2 0.0273 0.00388 0.00194
33.1 2 0.0251 0.00351 0.00176
33.5 2 0.023 0.00318 0.00159
33.9 2 0.0211 0.00288 0.00144
34.3 2 0.0194 0.00261 0.0013
34.7 2 0.0178 0.00236 0.00118
35.1 2 0.0163 0.00213 0.00107
35.5 2 0.0149 0.00193 0.000965
35.9 2 0.0137 0.00175 0.000873
36.3 2 0.0125 0.00158 0.00079
36.7 2 0.0115 0.00143 0.000715
37.1 2 0.0105 0.0013 0.000648
37.5 2 0.00964 0.00117 0.000586
37.9 2 0.00883 0.00106 0.00053
38.3 2 0.00809 0.00096 0.00048
38.7 2 0.0074 0.000869 0.000434
39.1 2 0.00678 0.000786 0.000393
39.5 2 0.0062 0.000712 0.000356
39.9 2 0.00568 0.000644 0.000322
40.3 2 0.00519 0.000583 0.000291
40.7 2 0.00475 0.000527 0.000264
41.1 2 0.00435 0.000477 0.000239
41.5 2 0.00398 0.000432 0.000216
41.9 2 0.00364 0.000391 0.000195
42.3 2 0.00333 0.000354 0.000177
42.7 2 0.00304 0.00032 0.00016
43.1 2 0.00278 0.000289 0.000145
43.5 2 0.00254 0.000262 0.000131
43.9 2 0.00232 0.000237 0.000118
44.3 2 0.00212 0.000214 0.000107
44.7 2 0.00194 0.000194 9.7e-05
45.1 2 0.00177 0.000176 8.78e-05
45.5 2 0.00162 0.000159 7.94e-05
45.9 2 0.00148 0.000144 7.19e-05
46.3 2 0.00135 0.00013 6.51e-05
46.7 2 0.00124 0.000118 5.89e-05
47.1 2 0.00113 0.000107 5.33e-05
47.5 2 0.00103 9.64e-05 4.82e-05
47.9 2 0.000942 8.72e-05 4.36e-05
48.3 2 0.00086 7.89e-05 3.95e-05
48.7 2 0.000785 7.14e-05 3.57e-05
49.1 2 0.000717 6.46e-05 3.23e-05
49.5 2 0.000654 5.85e-05 2.92e-05
49.9 2 0.000597 5.29e-05 2.64e-05
50.3 2 0.000545 4.79e-05 2.39e-05
50.7 2 0.000498 4.33e-05 2.17e-05
51.1 2 0.000454 3.92e-05 1.96e-05
51.5 2 0.000414 3.55e-05 1.77e-05
51.9 2 0.000378 3.21e-05 1.6e-05
52.3 2 0.000345 2.9e-05 1.45e-05
52.7 2 0.000315 2.63e-05 1.31e-05
53.1 2 0.000287 2.38e-05 1.19e-05
53.5 2 0.000262 2.15e-05 1.08e-05
53.9 2 0.000239 1.95e-05 9.74e-06
54.3 2 0.000218 1.76e-05 8.81e-06
54.7 2 0.000199 1.59e-05 7.96e-06
55.1 2 0.000181 1.44e-05 7.21e-06
55.5 2 0.000165 1.3e-05 6.52e-06
55.9 2 0.000151 1.18e-05 5.89e-06
56.3 2 0.000137 1.07e-05 5.34e-06
56.7 2 0.000125 9.66e-06 4.83e-06
57.1 2 0.000114 8.75e-06 4.37e-06
57.5 2 0.000104 7.91e-06 3.95e-06
57.9 2 9.5e-05 7.16e-06 3.58e-06
58.3 2 8.66e-05 6.48e-06 3.24e-06
58.7 2 7.89e-05 5.86e-06 2.93e-06
59.1 2 7.19e-05 5.3e-06 2.65e-06
59.5 2 6.56e-05 4.8e-06 2.4e-06
59.9 2 5.98e-05 4.34e-06 2.17e-06
60.3 2 5.45e-05 3.93e-06 1.96e-06
60.7 2 4.97e-05 3.55e-06 1.78e-06
61.1 2 4.52e-05 3.22e-06 1.61e-06
61.5 2 4.12e-05 2.91e-06 1.46e-06
61.9 2 3.76e-05 2.63e-06 1.32e-06
62.3 2 3.42e-05 2.38e-06 1.19e-06
62.7 2 3.12e-05 2.16e-06 1.08e-06
63.1 2 2.84e-05 1.95e-06 9.75e-07
63.5 2 2.59e-05 1.77e-06 8.83e-07
63.9 2 2.36e-05 1.6e-06 7.99e-07
64.3 2 2.15e-05 1.45e-06 7.23e-07
64.7 2 1.96e-05 1.31e-06 6.54e-07
65.1 2 1.78e-05 1.18e-06 5.91e-07
65.5 2 1.62e-05 1.07e-06 5.35e-07
65.9 2 1.48e-05 9.69e-07 4.85e-07
66.3 2 1.35e-05 8.76e-07 4.38e-07
66.7 2 1.23e-05 7.93e-07 3.97e-07
67.1 2 1.12e-05 7.18e-07 3.59e-07
67.5 2 1.02e-05 6.49e-07 3.25e-07
67.9 2 9.25e-06 5.88e-07 2.94e-07
68.3 2 8.42e-06 5.32e-07 2.66e-07
68.7 2 7.67e-06 4.81e-07 2.41e-07
69.1 2 6.98e-06 4.35e-07 2.18e-07
69.5 2 6.36e-06 3.94e-07 1.97e-07
69.9 2 5.79e-06 3.56e-07 1.78e-07
70.3 2 5.27e-06 3.23e-07 1.61e-07
70.7 2 4.8e-06 2.92e-07 1.46e-07
71.1 2 4.37e-06 2.64e-07 1.32e-07
71.5 2 3.98e-06 2.39e-07 1.2e-07
71.9 2 3.62e-06 2.16e-07 1.08e-07
72.3 2 3.29e-06 1.96e-07 9.79e-08
72.7 2 3e-06 1.77e-07 8.85e-08
73.1 2 2.73e-06 1.6e-07 8e-08
73.5 2 2.48e-06 1.45e-07 7.24e-08
73.9 2 2.26e-06 1.31e-07 6.56e-08
74.3 2 2.06e-06 1.19e-07 5.94e-08
74.7 2 1.87e-06 1.07e-07 5.37e-08
75.1 2 1.7e-06 9.71e-08 4.85e-08
75.5 2 1.55e-06 8.79e-08 4.39e-08
75.9 2 1.41e-06 7.95e-08 3.98e-08
76.3 2 1.28e-06 7.2e-08 3.6e-08
76.7 2 1.17e-06 6.51e-08 3.26e-08
77.1 2 1.06e-06 5.89e-08 2.95e-08
77.5 2 9.66e-07 5.33e-08 2.67e-08
77.9 2 8.8e-07 4.82e-08 2.41e-08
78.3 2 8e-07 4.36e-08 2.18e-08
78.7 2 7.28e-07 3.95e-08 1.97e-08
79.1 2 6.63e-07 3.57e-08 1.79e-08
79.5 2 6.03e-07 3.23e-08 1.62e-08
79.9 2 5.49e-07 2.93e-08 1.46e-08
80.3 2 4.99e-07 2.65e-08 1.32e-08
80.7 2 4.54e-07 2.4e-08 1.2e-08
81.1 2 4.13e-07 2.17e-08 1.08e-08
81.5 2 3.76e-07 1.96e-08 9.8e-09
81.9 2 3.42e-07 1.78e-08 8.88e-09
82.3 2 3.11e-07 1.61e-08 8.04e-09
82.7 2 2.83e-07 1.45e-08 7.27e-09
83.1 2 2.57e-07 1.31e-08 6.57e-09
83.5 2 2.34e-07 1.19e-08 5.94e-09
83.9 2 2.13e-07 1.08e-08 5.38e-09
84.3 2 1.93e-07 9.73e-09 4.87e-09
84.7 2 1.76e-07 8.81e-09 4.4e-09
85.1 2 1.6e-07 7.97e-09 3.99e-09
85.5 2 1.45e-07 7.21e-09 3.61e-09
85.9 2 1.32e-07 6.53e-09 3.26e-09
86.3 2 1.2e-07 5.91e-09 2.95e-09
86.7 2 1.09e-07 5.35e-09 2.67e-09
87.1 2 9.93e-08 4.84e-09 2.42e-09
87.5 2 9.03e-08 4.38e-09 2.19e-09
87.9 2 8.21e-08 3.96e-09 1.98e-09
88.3 2 7.47e-08 3.58e-09 1.79e-09
88.7 2 6.8e-08 3.24e-09 1.62e-09
89.1 2 6.18e-08 2.93e-09 1.47e-09
89.5 2 5.62e-08 2.65e-09 1.33e-09
89.9 2 5.11e-08 2.4e-09 1.2e-09
90.3 2 4.65e-08 2.17e-09 1.09e-09
90.7 2 4.23e-08 1.97e-09 9.84e-10
91.1 2 3.84e-08 1.78e-09 8.9e-10
91.5 2 3.5e-08 1.61e-09 8.05e-10
91.9 2 3.18e-08 1.46e-09 7.29e-10
92.3 2 2.89e-08 1.32e-09 6.59e-10
92.7 2 2.63e-08 1.19e-09 5.96e-10
93.1 2 2.4e-08 1.08e-09 5.39e-10
93.5 2 2.18e-08 9.77e-10 4.88e-10
93.9 2 1.99e-08 8.84e-10 4.42e-10
94.3 2 1.81e-08 7.99e-10 4e-10
94.7 2 1.65e-08 7.23e-10 3.62e-10
95.1 2 1.5e-08 6.54e-10 3.27e-10
95.5 2 1.36e-08 5.92e-10 2.96e-10
95.9 2 1.23e-08 5.36e-10 2.68e-10
96.3 2 1.11e-08 4.85e-10 2.42e-10
96.7 2 1e-08 4.39e-10 2.19e-10
97.1 2 9.09e-09 3.97e-10 1.98e-10
97.5 2 8.25e-09 3.59e-10 1.8e-10
97.9 2 7.53e-09 3.25e-10 1.63e-10
98.3 2 6.94e-09 2.94e-10 1.47e-10
98.7 2 6.48e-09 2.66e-10 1.33e-10
99.1 2 6.14e-09 2.39e-10 1.2e-10
99.5 2 5.94e-09 2.16e-10 1.08e-10
99.9 2 5.89e-09 2.06e-10 1.03e-10
