-15 0.153 0.528 0.15 1
-14.6 0.162 0.55 0.159 1
-14.2 0.172 0.573 0.168 1
-13.8 0.182 0.595 0.177 1
-13.4 0.192 0.618 0.187 1
-13 0.203 0.641 0.197 1
-12.6 0.214 0.664 0.208 1
-12.2 0.226 0.687 0.219 1
-11.8 0.239 0.711 0.23 1
-11.4 0.251 0.735 0.242 1
-11 0.265 0.759 0.254 1
-10.6 0.279 0.783 0.266 1
-10.2 0.293 0.807 0.279 1
-9.8 0.308 0.832 0.293 1
-9.4 0.323 0.856 0.306 1
-9 0.339 0.88 0.32 1
-8.6 0.356 0.904 0.334 1
-8.2 0.372 0.928 0.348 1
-7.8 0.39 0.951 0.363 1
-7.4 0.408 0.976 0.378 1
-7 0.426 1 0.392 1
-6.6 0.444 1.02 0.407 1
-6.2 0.464 1.05 0.422 0.911
-5.8 0.483 1.07 0.437 0.905
-5.4 0.503 1.09 0.452 0.899
-5 0.523 1.11 0.467 0.893
-4.6 0.544 1.13 0.482 0.886
-4.2 0.564 1.14 0.496 0.879
-3.8 0.586 1.15 0.51 0.871
-3.4 0.607 1.15 0.526 0.866
-3 0.629 1.16 0.535 0.851
10.1 1.38 1.16 0.534 0.387
10.5 1.4 1.15 0.522 0.373
10.9 1.42 1.15 0.507 0.357
11.3 1.44 1.14 0.492 0.342
11.7 1.46 1.12 0.478 0.327
12.1 1.48 1.11 0.463 0.312
12.5 1.5 1.09 0.448 0.298
12.9 1.52 1.07 0.434 0.285
13.3 1.54 1.04 0.419 0.272
13.7 1.56 1.02 0.404 0.259
14.1 1.58 0.994 0.389 0.246
14.5 1.6 0.97 0.374 0.234
14.9 1.61 0.946 0.359 0.223
15.3 1.63 0.922 0.345 0.211
15.7 1.65 0.898 0.33 0.2
16.1 1.66 0.874 0.316 0.19
16.5 1.68 0.85 0.303 0.18
16.9 1.7 0.825 0.289 0.171
17.3 1.71 0.801 0.276 0.161
17.7 1.72 0.777 0.263 0.153
18.1 1.74 0.752 0.251 0.144
18.5 1.75 0.728 0.239 0.136
18.9 1.76 0.704 0.227 0.129
19.3 1.78 0.68 0.216 0.121
19.7 1.79 0.657 0.205 0.115
20.1 1.8 0.634 0.194 0.108
20.5 1.81 0.611 0.184 0.102
20.9 1.82 0.588 0.175 0.0959
21.3 1.83 0.566 0.165 0.0903
21.7 1.84 0.544 0.156 0.085
22.1 1.85 0.523 0.148 0.08
22.5 1.86 0.502 0.14 0.0753
22.9 1.87 0.482 0.132 0.0708
23.3 1.87 0.462 0.125 0.0666
23.7 1.88 0.443 0.118 0.0626
24.1 1.89 0.424 0.111 0.0588
24.5 1.89 0.406 0.105 0.0553
24.9 1.9 0.388 0.0986 0.0519
25.3 1.91 0.371 0.0928 0.0487
25.7 1.91 0.355 0.0874 0.0457
26.1 1.92 0.339 0.0823 0.0429
26.5 1.92 0.324 0.0774 0.0403
26.9 1.93 0.309 0.0728 0.0378
27.3 1.93 0.294 0.0684 0.0354
27.7 1.94 0.281 0.0643 0.0332
28.1 1.94 0.268 0.0604 0.0312
28.5 1.94 0.255 0.0567 0.0292
28.9 1.95 0.243 0.0533 0.0274
29.3 1.95 0.231 0.05 0.0257
29.7 1.95 0.22 0.047 0.0241
30.1 1.96 0.209 0.0441 0.0225
30.5 1.96 0.199 0.0414 0.0211
30.9 1.96 0.189 0.0388 0.0198
31.3 1.96 0.18 0.0364 0.0185
31.7 1.97 0.171 0.0341 0.0174
32.1 1.97 0.162 0.032 0.0163
32.5 1.97 0.154 0.03 0.0152
32.9 1.97 0.146 0.0281 0.0143
33.3 1.97 0.139 0.0264 0.0134
33.7 1.97 0.131 0.0247 0.0125
34.1 1.98 0.125 0.0232 0.0117
34.5 1.98 0.118 0.0217 0.011
34.9 1.98 0.112 0.0203 0.0103
35.3 1.98 0.106 0.019 0.00961
35.7 1.98 0.101 0.0178 0.00899
36.1 1.98 0.0954 0.0167 0.00841
36.5 1.98 0.0903 0.0156 0.00788
36.9 1.99 0.0855 0.0147 0.00738
37.3 1.99 0.081 0.0137 0.00691
37.7 1.99 0.0767 0.0128 0.00646
38.1 1.99 0.0726 0.012 0.00604
38.5 1.99 0.0687 0.0113 0.00566
38.9 1.99 0.065 0.0105 0.0053
39.3 1.99 0.0615 0.00987 0.00496
39.7 1.99 0.0582 0.00924 0.00464
40.1 1.99 0.055 0.00865 0.00435
40.5 1.99 0.052 0.0081 0.00407
40.9 1.99 0.0492 0.00758 0.00381
41.3 1.99 0.0465 0.0071 0.00356
41.7 1.99 0.044 0.00664 0.00333
42.1 1.99 0.0416 0.00621 0.00312
42.5 1.99 0.0393 0.00582 0.00292
42.9 1.99 0.0371 0.00544 0.00273
43.3 1.99 0.0351 0.0051 0.00255
43.7 2 0.0332 0.00477 0.00239
44.1 2 0.0313 0.00446 0.00224
44.5 2 0.0296 0.00418 0.00209
44.9 2 0.0279 0.00391 0.00196
45.3 2 0.0264 0.00366 0.00183
45.7 2 0.0249 0.00342 0.00171
46.1 2 0.0235 0.0032 0.0016
46.5 2 0.0222 0.003 0.0015
46.9 2 0.021 0.0028 0.0014
47.3 2 0.0198 0.00262 0.00131
47.7 2 0.0187 0.00245 0.00123
48.1 2 0.0176 0.0023 0.00115
48.5 2 0.0167 0.00215 0.00107
48.9 2 0.0157 0.00201 0.001
49.3 2 0.0148 0.00188 0.00094
49.7 2 0.014 0.00176 0.00088
50.1 2 0.0132 0.00165 0.000823
50.5 2 0.0125 0.00154 0.00077
50.9 2 0.0117 0.00144 0.000721
51.3 2 0.0111 0.00135 0.000674
51.7 2 0.0104 0.00126 0.00063
52.1 2 0.00985 0.00118 0.00059
52.5 2 0.00929 0.0011 0.000552
52.9 2 0.00876 0.00103 0.000517
53.3 2 0.00826 0.000967 0.000484
53.7 2 0.00779 0.000904 0.000452
54.1 2 0.00734 0.000846 0.000423
54.5 2 0.00692 0.000791 0.000396
54.9 2 0.00653 0.00074 0.00037
55.3 2 0.00615 0.000693 0.000346
55.7 2 0.0058 0.000648 0.000324
56.1 2 0.00546 0.000606 0.000303
56.5 2 0.00515 0.000567 0.000284
56.9 2 0.00485 0.000531 0.000265
57.3 2 0.00457 0.000496 0.000248
57.7 2 0.00431 0.000464 0.000232
58.1 2 0.00406 0.000434 0.000217
58.5 2 0.00383 0.000407 0.000203
58.9 2 0.0036 0.00038 0.00019
59.3 2 0.0034 0.000356 0.000178
59.7 2 0.0032 0.000333 0.000166
60.1 2 0.00301 0.000311 0.000156
60.5 2 0.00284 0.000291 0.000146
60.9 2 0.00267 0.000273 0.000136
61.3 2 0.00252 0.000255 0.000128
61.7 2 0.00237 0.000239 0.000119
62.1 2 0.00223 0.000223 0.000112
62.5 2 0.0021 0.000209 0.000104
62.9 2 0.00198 0.000195 9.77e-05
63.3 2 0.00186 0.000183 9.14e-05
63.7 2 0.00176 0.000171 8.55e-05
64.1 2 0.00165 0.00016 8e-05
64.5 2 0.00156 0.00015 7.48e-05
64.9 2 0.00147 0.00014 7e-05
65.3 2 0.00138 0.000131 6.55e-05
65.7 2 0.0013 0.000123 6.13e-05
66.1 2 0.00122 0.000115 5.73e-05
66.5 2 0.00115 0.000107 5.36e-05
66.9 2 0.00108 0.0001 5.01e-05
67.3 2 0.00102 9.38e-05 4.69e-05
67.7 2 0.00096 8.77e-05 4.39e-05
68.1 2 0.000904 8.21e-05 4.1e-05
68.5 2 0.000851 7.68e-05 3.84e-05
68.9 2 0.0008 7.19e-05 3.59e-05
69.3 2 0.000753 6.72e-05 3.36e-05
69.7 2 0.000709 6.29e-05 3.14e-05
70.1 2 0.000667 5.88e-05 2.94e-05
70.5 2 0.000628 5.5e-05 2.75e-05
70.9 2 0.000591 5.15e-05 2.57e-05
71.3 2 0.000556 4.82e-05 2.41e-05
71.7 2 0.000523 4.51e-05 2.25e-05
72.1 2 0.000492 4.22e-05 2.11e-05
72.5 2 0.000463 3.94e-05 1.97e-05
72.9 2 0.000436 3.69e-05 1.84e-05
73.3 2 0.00041 3.45e-05 1.73e-05
73.7 2 0.000385 3.23e-05 1.61e-05
74.1 2 0.000363 3.02e-05 1.51e-05
74.5 2 0.000341 2.83e-05 1.41e-05
74.9 2 0.000321 2.64e-05 1.32e-05
75.3 2 0.000302 2.47e-05 1.24e-05
75.7 2 0.000284 2.31e-05 1.16e-05
76.1 2 0.000267 2.16e-05 1.08e-05
76.5 2 0.000251 2.02e-05 1.01e-05
76.9 2 0.000236 1.89e-05 9.46e-06
77.3 2 0.000222 1.77e-05 8.85e-06
77.7 2 0.000209 1.66e-05 8.29e-06
78.1 2 0.000196 1.55e-05 7.76e-06
78.5 2 0.000185 1.45e-05 7.26e-06
78.9 2 0.000174 1.36e-05 6.79e-06
79.3 2 0.000163 1.27e-05 6.35e-06
79.7 2 0.000154 1.19e-05 5.94e-06
80.1 2 0.000144 1.11e-05 5.56e-06
80.5 2 0.000136 1.04e-05 5.2e-06
80.9 2 0.000128 9.73e-06 4.86e-06
81.3 2 0.00012 9.1e-06 4.55e-06
81.7 2 0.000113 8.51e-06 4.25e-06
82.1 2 0.000106 7.96e-06 3.98e-06
82.5 2 9.98e-05 7.45e-06 3.72e-06
82.9 2 9.38e-05 6.97e-06 3.48e-06
83.3 2 8.82e-05 6.52e-06 3.26e-06
83.7 2 8.3e-05 6.1e-06 3.05e-06
84.1 2 7.8e-05 5.71e-06 2.85e-06
84.5 2 7.33e-05 5.34e-06 2.67e-06
84.9 2 6.89e-05 4.99e-06 2.5e-06
85.3 2 6.48e-05 4.67e-06 2.34e-06
85.7 2 6.09e-05 4.37e-06 2.19e-06
86.1 2 5.72e-05 4.09e-06 2.04e-06
86.5 2 5.38e-05 3.82e-06 1.91e-06
86.9 2 5.06e-05 3.58e-06 1.79e-06
87.3 2 4.75e-05 3.35e-06 1.67e-06
87.7 2 4.47e-05 3.13e-06 1.57e-06
88.1 2 4.2e-05 2.93e-06 1.46e-06
88.5 2 3.95e-05 2.74e-06 1.37e-06
88.9 2 3.71e-05 2.56e-06 1.28e-06
89.3 2 3.48e-05 2.4e-06 1.2e-06
89.7 2 3.27e-05 2.24e-06 1.12e-06
90.1 2 3.08e-05 2.1e-06 1.05e-06
90.5 2 2.89e-05 1.96e-06 9.82e-07
90.9 2 2.72e-05 1.84e-06 9.19e-07
91.3 2 2.55e-05 1.72e-06 8.6e-07
91.7 2 2.4e-05 1.61e-06 8.03e-07
92.1 2 2.26e-05 1.5e-06 7.51e-07
92.5 2 2.12e-05 1.41e-06 7.03e-07
92.9 2 1.99e-05 1.32e-06 6.58e-07
93.3 2 1.87e-05 1.23e-06 6.15e-07
93.7 2 1.76e-05 1.15e-06 5.75e-07
94.1 2 1.65e-05 1.08e-06 5.39e-07
94.5 2 1.55e-05 1.01e-06 5.04e-07
94.9 2 1.46e-05 9.44e-07 4.72e-07
95.3 2 1.37e-05 8.82e-07 4.41e-07
95.7 2 1.28e-05 8.25e-07 4.13e-07
96.1 2 1.19e-05 7.72e-07 3.86e-07
96.5 2 1.11e-05 7.22e-07 3.61e-07
96.9 2 1.04e-05 6.76e-07 3.38e-07
97.3 2 9.75e-06 6.32e-07 3.16e-07
97.7 2 9.17e-06 5.91e-07 2.96e-07
98.1 2 8.67e-06 5.53e-07 2.77e-07
98.5 2 8.27e-06 5.18e-07 2.59e-07
98.9 2 7.96e-06 4.84e-07 2.42e-07
99.3 2 7.75e-06 4.49e-07 2.25e-07
99.7 2 7.65e-06 4.26e-07 2.13e-07
