-14.7 0.0257 0.0698 1 0.00913 5.53
-14.3 0.029 0.0999 1 0.0192 10.5
-13.9 0.0328 0.13 1 0.0208 9.32
-13.5 0.037 0.159 1 0.0222 8.13
-13.1 0.0417 0.187 1 0.024 7.19
-12.7 0.047 0.215 1 0.0258 6.35
-12.3 0.0529 0.242 1 0.0277 5.59
-11.9 0.0595 0.267 1 0.0298 4.94
-11.5 0.0669 0.291 1 0.0318 4.34
-11.1 0.075 0.312 1 0.0339 3.82
-10.7 0.0841 0.335 1 0.0363 3.38
-10.3 0.0941 0.36 1 0.0383 2.96
-9.9 0.105 0.386 1 0.0404 2.6
-9.5 0.117 0.417 1 0.0426 2.29
-9.1 0.13 0.449 1 0.046 2.06
-8.7 0.145 0.483 1 0.0492 1.85
-8.3 0.161 0.518 1 0.0505 1.6
-7.9 0.178 0.554 1 0.0518 1.39
-7.5 0.196 0.592 1 0.0545 1.24
-7.1 0.216 0.63 1 0.0569 1.1
-6.7 0.237 0.668 1 0.0592 0.979
-6.3 0.26 0.706 1 0.0601 0.857
-5.9 0.283 0.744 1 0.0621 0.762
-5.5 0.309 0.782 1 0.0641 0.686
-5.1 0.335 0.82 1 0.0648 0.602
-4.7 0.363 0.856 1 0.0666 0.543
-4.3 0.392 0.892 1 0.0661 0.474
-3.9 0.421 0.926 0.983 0.0667 0.423
-3.5 0.452 0.958 0.98 0.0684 0.386
-3.1 0.484 0.989 0.977 0.068 0.343
-2.7 0.516 1.02 0.972 0.0675 0.306
-2.3 0.549 1.05 0.967 0.0672 0.275
-1.9 0.582 1.07 0.96 0.0669 0.248
-1.5 0.616 1.09 0.952 0.0666 0.225
-1.1 0.65 1.11 0.944 0.0654 0.202
-0.7 0.684 1.13 0.933 0.0653 0.185
-0.3 0.719 1.15 0.922 0.0642 0.167
0.1 0.753 1.16 0.908 0.0623 0.15
0.5 0.787 1.17 0.893 0.0614 0.137
0.9 0.821 1.18 0.877 0.0614 0.128
1.3 0.856 1.18 0.86 0.0606 0.118
1.7 0.89 1.19 0.837 0.058 0.0985
4.4 1.12 1.19 0.664 0.0523 0.0718
4.8 1.15 1.18 0.635 0.0556 0.0657
5.2 1.19 1.18 0.603 0.0551 0.0624
5.6 1.22 1.17 0.572 0.0545 0.0584
6 1.26 1.16 0.541 0.0541 0.0556
6.4 1.29 1.14 0.509 0.0459 0.0451
6.8 1.32 1.13 0.478 0.0531 0.0499
7.2 1.36 1.11 0.447 0.0527 0.0477
7.6 1.39 1.09 0.417 0.0522 0.045
8 1.43 1.06 0.387 0.0518 0.0431
8.4 1.46 1.04 0.359 0.0441 0.0352
8.8 1.49 1.01 0.331 0.0438 0.0338
9.2 1.52 0.982 0.305 0.0507 0.0376
9.6 1.56 0.95 0.28 0.0504 0.0362
10 1.59 0.918 0.257 0.0428 0.0297
10.4 1.62 0.883 0.235 0.0355 0.024
10.8 1.64 0.847 0.214 0.0353 0.0231
11.2 1.67 0.811 0.194 0.0421 0.0269
11.6 1.7 0.773 0.176 0.0349 0.0218
12 1.72 0.735 0.16 0.0347 0.021
12.4 1.75 0.697 0.144 0.0346 0.0205
12.8 1.77 0.658 0.13 0.0276 0.016
13.2 1.79 0.62 0.117 0.0275 0.0156
13.6 1.81 0.582 0.105 0.0274 0.0153
14 1.83 0.545 0.0944 0.0205 0.0113
14.4 1.84 0.509 0.0845 0.0204 0.011
14.8 1.86 0.475 0.0756 0.0203 0.0109
15.2 1.87 0.441 0.0676 0.0203 0.0107
15.6 1.89 0.409 0.0604 0.0202 0.0106
16 1.9 0.378 0.0538 0.0135 0.00693
16.4 1.91 0.349 0.0479 0.0134 0.00685
16.8 1.92 0.321 0.0426 0.0134 0.00678
17.2 1.93 0.295 0.0379 0.0134 0.00671
17.6 1.94 0.271 0.0336 0.00669 0.00334
18 1.94 0.248 0.0299 0.00668 0.0033
18.4 1.95 0.227 0.0265 0.00668 0.0033
18.8 1.95 0.207 0.0235 0.00666 0.00327
19.2 1.96 0.189 0.0208 0.00666 0.00327
19.6 1.96 0.172 0.0184 0.00665 0.00324
20 1.97 0.156 0.0163 0.00665 0.00324
20.4 1.97 0.142 0.0144 0.00664 0.0032
20.8 1.98 0.129 0.0128 0.00664 0.0032
21.2 1.98 0.117 0.0113 0 0
21.6 1.98 0.106 0.01 0 0
22 1.98 0.0956 0.00884 0 0
22.4 1.98 0.0864 0.00781 0.00663 0.00317
22.8 1.99 0.0781 0.00691 0.00663 0.00317
23.2 1.99 0.0705 0.0061 0 0
23.6 1.99 0.0636 0.00539 0 0
24 1.99 0.0574 0.00477 0 0
24.4 1.99 0.0517 0.00421 0 0
24.8 1.99 0.0466 0.00372 0 0
25.2 1.99 0.0419 0.00328 0 0
25.6 1.99 0.0377 0.0029 0.00662 0.00314
26 2 0.0339 0.00256 0.00662 0.00314
26.4 2 0.0305 0.00226 0 0
26.8 2 0.0274 0.00199 0 0
27.2 2 0.0246 0.00176 0 0
27.6 2 0.0221 0.00155 0 0
28 2 0.0199 0.00137 0 0
28.4 2 0.0178 0.00121 0 0
28.8 2 0.016 0.00107 0 0
29.2 2 0.0144 0.000944 0 0
29.6 2 0.0129 0.000833 0 0
30 2 0.0115 0.000735 0 0
30.4 2 0.0104 0.000649 0 0
30.8 2 0.00928 0.000573 0 0
31.2 2 0.00831 0.000506 0 0
31.6 2 0.00744 0.000446 0 0
32 2 0.00667 0.000394 0 0
32.4 2 0.00597 0.000347 0 0
32.8 2 0.00534 0.000307 0 0
33.2 2 0.00478 0.000271 0 0
33.6 2 0.00428 0.000239 0 0
34 2 0.00383 0.000211 0 0
34.4 2 0.00342 0.000186 0 0
34.8 2 0.00306 0.000164 0 0
35.2 2 0.00273 0.000145 0 0
35.6 2 0.00245 0.000128 0 0
36 2 0.00219 0.000113 0 0
36.4 2 0.00195 9.96e-05 0 0
36.8 2 0.00175 8.78e-05 0 0
37.2 2 0.00156 7.75e-05 0 0
37.6 2 0.00139 6.85e-05 0 0
38 2 0.00124 6.05e-05 0 0
38.4 2 0.00111 5.34e-05 0 0
38.8 2 0.000991 4.7e-05 0 0
39.2 2 0.000885 4.15e-05 0 0
39.6 2 0.00079 3.67e-05 0 0
40 2 0.000705 3.23e-05 0 0
40.4 2 0.000629 2.85e-05 0 0
40.8 2 0.000562 2.52e-05 0 0
41.2 2 0.000501 2.22e-05 0 0
41.6 2 0.000447 1.96e-05 0 0
42 2 0.000399 1.73e-05 0 0
42.4 2 0.000356 1.53e-05 0 0
42.8 2 0.000317 1.35e-05 0 0
43.2 2 0.000283 1.19e-05 0 0
43.6 2 0.000252 1.05e-05 0 0
44 2 0.000225 9.27e-06 0 0
44.4 2 0.0002 8.18e-06 0 0
44.8 2 0.000178 7.22e-06 0 0
45.2 2 0.000159 6.37e-06 0 0
45.6 2 0.000142 5.62e-06 0 0
46 2 0.000126 4.96e-06 0 0
46.4 2 0.000112 4.38e-06 0 0
46.8 2 0.0001 3.86e-06 0 0
47.2 2 8.93e-05 3.41e-06 0 0
47.6 2 7.95e-05 3.01e-06 0 0
48 2 7.08e-05 2.66e-06 0 0
48.4 2 6.31e-05 2.34e-06 0 0
48.8 2 5.62e-05 2.07e-06 0 0
49.2 2 5e-05 1.83e-06 0 0
49.6 2 4.45e-05 1.61e-06 0 0
50 2 3.97e-05 1.42e-06 0 0
50.4 2 3.53e-05 1.25e-06 0 0
50.8 2 3.14e-05 1.11e-06 0 0
51.2 2 2.8e-05 9.77e-07 0 0
51.6 2 2.49e-05 8.62e-07 0 0
52 2 2.22e-05 7.6e-07 0 0
52.4 2 1.97e-05 6.71e-07 0 0
52.8 2 1.75e-05 5.92e-07 0 0
53.2 2 1.56e-05 5.23e-07 0 0
53.6 2 1.39e-05 4.61e-07 0 0
54 2 1.24e-05 4.07e-07 0 0
54.4 2 1.1e-05 3.59e-07 0 0
54.8 2 9.78e-06 3.17e-07 0 0
55.2 2 8.69e-06 2.8e-07 0 0
55.6 2 7.73e-06 2.47e-07 0 0
56 2 6.88e-06 2.18e-07 0 0
56.4 2 6.12e-06 1.92e-07 0 0
56.8 2 5.44e-06 1.7e-07 0 0
57.2 2 4.84e-06 1.5e-07 0 0
57.6 2 4.3e-06 1.32e-07 0 0
58 2 3.82e-06 1.17e-07 0 0
58.4 2 3.4e-06 1.03e-07 0 0
58.8 2 3.02e-06 9.08e-08 0 0
59.2 2 2.69e-06 8.02e-08 0 0
59.6 2 2.39e-06 7.08e-08 0 0
60 2 2.12e-06 6.25e-08 0 0
60.4 2 1.89e-06 5.51e-08 0 0
60.8 2 1.68e-06 4.86e-08 0 0
61.2 2 1.49e-06 4.29e-08 0 0
61.6 2 1.32e-06 3.79e-08 0 0
62 2 1.18e-06 3.34e-08 0 0
62.4 2 1.05e-06 2.95e-08 0 0
62.8 2 9.29e-07 2.6e-08 0 0
63.2 2 8.25e-07 2.3e-08 0 0
63.6 2 7.33e-07 2.03e-08 0 0
64 2 6.51e-07 1.79e-08 0 0
64.4 2 5.78e-07 1.58e-08 0 0
64.8 2 5.13e-07 1.39e-08 0 0
65.2 2 4.56e-07 1.23e-08 0 0
65.6 2 4.05e-07 1.09e-08 0 0
66 2 3.59e-07 9.58e-09 0 0
66.4 2 3.19e-07 8.46e-09 0 0
66.8 2 2.84e-07 7.46e-09 0 0
67.2 2 2.52e-07 6.59e-09 0 0
67.6 2 2.24e-07 5.82e-09 0 0
68 2 1.99e-07 5.13e-09 0 0
68.4 2 1.77e-07 4.53e-09 0 0
68.8 2 1.57e-07 3.99e-09 0 0
69.2 2 1.4e-07 3.52e-09 0 0
69.6 2 1.24e-07 3.11e-09 0 0
70 2 1.1e-07 2.74e-09 0 0
70.4 2 9.81e-08 2.42e-09 0 0
70.8 2 8.72e-08 2.14e-09 0 0
71.2 2 7.75e-08 1.88e-09 0 0
71.6 2 6.88e-08 1.66e-09 0 0
72 2 6.11e-08 1.47e-09 0 0
72.4 2 5.43e-08 1.3e-09 0 0
72.8 2 4.83e-08 1.14e-09 0 0
73.2 2 4.28e-08 1.01e-09 0 0
73.6 2 3.81e-08 8.91e-10 0 0
74 2 3.38e-08 7.86e-10 0 0
74.4 2 3.01e-08 6.93e-10 0 0
74.8 2 2.67e-08 6.12e-10 0 0
75.2 2 2.38e-08 5.4e-10 0 0
75.6 2 2.12e-08 4.77e-10 0 0
76 2 1.88e-08 4.21e-10 0 0
76.4 2 1.68e-08 3.71e-10 0 0
76.8 2 1.5e-08 3.28e-10 0 0
77.2 2 1.33e-08 2.89e-10 0 0
77.6 2 1.19e-08 2.55e-10 0 0
78 2 1.06e-08 2.25e-10 0 0
78.4 2 9.44e-09 1.99e-10 0 0
78.8 2 8.4e-09 1.75e-10 0 0
79.2 2 7.5e-09 1.55e-10 0 0
79.6 2 6.7e-09 1.37e-10 0 0
80 2 5.99e-09 1.21e-10 0 0
80.4 2 5.36e-09 1.06e-10 0 0
80.8 2 4.77e-09 9.4e-11 0 0
81.2 2 4.23e-09 8.29e-11 0 0
81.6 2 3.79e-09 7.31e-11 0 0
82 2 3.37e-09 6.45e-11 0 0
82.4 2 3.04e-09 5.69e-11 0 0
82.8 2 2.72e-09 5.03e-11 0 0
83.2 2 2.42e-09 4.44e-11 0 0
83.6 2 2.18e-09 3.91e-11 0 0
84 2 1.96e-09 3.46e-11 0 0
84.4 2 1.77e-09 3.05e-11 0 0
84.8 2 1.59e-09 2.69e-11 0 0
85.2 2 1.44e-09 2.37e-11 0 0
85.6 2 1.32e-09 2.09e-11 0 0
86 2 1.22e-09 1.85e-11 0 0
86.4 2 1.12e-09 1.63e-11 0 0
86.8 2 1.05e-09 1.44e-11 0 0
87.2 2 9.66e-10 1.27e-11 0 0
87.6 2 8.92e-10 1.12e-11 0 0
88 2 8.25e-10 9.89e-12 0 0
88.4 2 7.59e-10 8.75e-12 0 0
88.8 2 7.05e-10 7.69e-12 0 0
89.2 2 6.68e-10 6.71e-12 0 0
89.7 2 6.21e-10 5.85e-12 0 0
90.1 2 5.82e-10 5.12e-12 0 0
90.5 2 5.49e-10 4.5e-12 0 0
91 2 5.01e-10 3.92e-12 0 0
91.4 2 5.04e-10 3.44e-12 0 0
91.8 2 5.1e-10 2.96e-12 0 0
92.5 2 4.96e-10 2.48e-12 0 0
93.1 2 4.88e-10 2.05e-12 0 0
93.5 2 4.69e-10 1.76e-12 0 0
93.9 2 4.68e-10 1.56e-12 0 0
94.4 2 4.5e-10 1.34e-12 0 0
95 2 4.53e-10 1.14e-12 0 0
95.4 2 4.31e-10 9.72e-13 0 0
95.9 2 4.11e-10 8.42e-13 0 0
96.3 2 4.15e-10 7.4e-13 0 0
96.7 2 4.28e-10 6.52e-13 0 0
97.1 2 4.23e-10 5.78e-13 0 0
97.5 2 4.16e-10 5.09e-13 0 0
97.9 2 4.11e-10 4.43e-13 0 0
98.5 2 4e-10 3.76e-13 0 0
99.1 2 3.95e-10 3.15e-13 0 0
99.5 2 4.05e-10 2.69e-13 0 0
99.9 2 4.1e-10 2.51e-13 0 0
