-15 0.081 0.328 0.0804 1
-14.6 0.0877 0.35 0.0871 1
-14.2 0.0949 0.372 0.0942 1
-13.8 0.103 0.394 0.102 1
-13.4 0.111 0.417 0.11 1
-13 0.12 0.441 0.119 1
-12.6 0.13 0.465 0.128 1
-12.2 0.14 0.489 0.138 1
-11.8 0.151 0.515 0.148 1
-11.4 0.162 0.541 0.159 1
-11 0.174 0.569 0.171 1
-10.6 0.187 0.597 0.183 1
-10.2 0.201 0.626 0.197 1
-9.8 0.216 0.655 0.211 1
-9.4 0.231 0.685 0.225 1
-9 0.247 0.715 0.24 1
-8.6 0.264 0.745 0.256 1
-8.2 0.282 0.775 0.272 1
-7.8 0.3 0.805 0.289 1
-7.4 0.32 0.836 0.307 1
-7 0.34 0.865 0.325 1
-6.6 0.361 0.895 0.344 1
-6.2 0.382 0.925 0.363 1
-5.8 0.405 0.955 0.382 1
-5.4 0.428 0.986 0.401 0.938
-5 0.452 1.02 0.421 0.933
-4.6 0.476 1.04 0.441 0.927
-4.2 0.501 1.07 0.461 0.921
-3.8 0.526 1.09 0.48 0.913
-3.4 0.552 1.11 0.5 0.905
-3 0.578 1.13 0.519 0.897
-2.6 0.605 1.14 0.537 0.888
-2.2 0.632 1.15 0.557 0.881
-1.8 0.659 1.15 0.571 0.867
7.7 1.33 1.16 0.573 0.43
8.1 1.36 1.15 0.561 0.413
8.5 1.39 1.14 0.542 0.39
8.9 1.41 1.13 0.523 0.37
9.3 1.44 1.12 0.504 0.35
9.7 1.47 1.1 0.485 0.331
10.1 1.49 1.07 0.466 0.312
10.5 1.52 1.05 0.446 0.294
10.9 1.54 1.02 0.426 0.276
11.3 1.57 0.993 0.406 0.259
11.7 1.59 0.963 0.387 0.243
12.1 1.61 0.932 0.367 0.228
12.5 1.63 0.902 0.348 0.213
12.9 1.66 0.873 0.33 0.199
13.3 1.68 0.843 0.312 0.186
13.7 1.69 0.813 0.294 0.173
14.1 1.71 0.783 0.277 0.161
14.5 1.73 0.752 0.26 0.15
14.9 1.75 0.722 0.244 0.14
15.3 1.77 0.692 0.229 0.13
15.7 1.78 0.662 0.214 0.12
16.1 1.8 0.633 0.2 0.111
16.5 1.81 0.604 0.187 0.103
16.9 1.82 0.576 0.174 0.0955
17.3 1.84 0.548 0.162 0.0884
17.7 1.85 0.521 0.151 0.0818
18.1 1.86 0.494 0.14 0.0755
18.5 1.87 0.469 0.13 0.0697
18.9 1.88 0.444 0.121 0.0643
19.3 1.89 0.42 0.112 0.0594
19.7 1.9 0.397 0.104 0.0548
20.1 1.9 0.375 0.0961 0.0505
20.5 1.91 0.354 0.0888 0.0464
20.9 1.92 0.333 0.082 0.0428
21.3 1.92 0.314 0.0758 0.0394
21.7 1.93 0.295 0.07 0.0363
22.1 1.94 0.278 0.0645 0.0333
22.5 1.94 0.261 0.0595 0.0307
22.9 1.95 0.245 0.0548 0.0282
23.3 1.95 0.23 0.0505 0.0259
23.7 1.95 0.215 0.0465 0.0238
24.1 1.96 0.202 0.0428 0.0219
24.5 1.96 0.189 0.0394 0.0201
24.9 1.96 0.177 0.0363 0.0185
25.3 1.97 0.166 0.0334 0.017
25.7 1.97 0.155 0.0307 0.0156
26.1 1.97 0.145 0.0282 0.0143
26.5 1.97 0.135 0.0259 0.0131
26.9 1.98 0.126 0.0238 0.012
27.3 1.98 0.118 0.0219 0.0111
27.7 1.98 0.11 0.0201 0.0102
28.1 1.98 0.102 0.0185 0.00933
28.5 1.98 0.0955 0.017 0.00856
28.9 1.98 0.089 0.0156 0.00785
29.3 1.99 0.0829 0.0143 0.0072
29.7 1.99 0.0772 0.0131 0.0066
30.1 1.99 0.0719 0.012 0.00606
30.5 1.99 0.0669 0.0111 0.00556
30.9 1.99 0.0623 0.0101 0.0051
31.3 1.99 0.0579 0.00931 0.00468
31.7 1.99 0.0539 0.00854 0.00429
32.1 1.99 0.0501 0.00783 0.00393
32.5 1.99 0.0466 0.00719 0.00361
32.9 1.99 0.0433 0.00659 0.00331
33.3 1.99 0.0402 0.00605 0.00303
33.7 1.99 0.0374 0.00555 0.00278
34.1 1.99 0.0347 0.00509 0.00255
34.5 2 0.0322 0.00467 0.00234
34.9 2 0.0299 0.00428 0.00214
35.3 2 0.0278 0.00392 0.00196
35.7 2 0.0258 0.0036 0.0018
36.1 2 0.024 0.0033 0.00165
36.5 2 0.0222 0.00303 0.00151
36.9 2 0.0206 0.00278 0.00139
37.3 2 0.0191 0.00254 0.00127
37.7 2 0.0177 0.00233 0.00117
38.1 2 0.0164 0.00214 0.00107
38.5 2 0.0152 0.00196 0.000981
38.9 2 0.0141 0.0018 0.000899
39.3 2 0.0131 0.00165 0.000824
39.7 2 0.0121 0.00151 0.000757
40.1 2 0.0112 0.00139 0.000694
40.5 2 0.0104 0.00126 0.000632
41 2 0.00958 0.00115 0.000574
41.4 2 0.00885 0.00104 0.000522
41.8 2 0.00819 0.000958 0.000479
42.2 2 0.00757 0.000879 0.000439
42.6 2 0.00699 0.000806 0.000403
43 2 0.00646 0.000738 0.000369
43.4 2 0.00597 0.000677 0.000338
43.8 2 0.00552 0.000621 0.00031
44.2 2 0.00511 0.000569 0.000284
44.6 2 0.00472 0.000522 0.000261
45 2 0.00437 0.000478 0.000239
45.4 2 0.00405 0.000438 0.000219
45.8 2 0.00376 0.000402 0.000201
46.2 2 0.00348 0.000369 0.000184
46.6 2 0.00322 0.000338 0.000169
47 2 0.00297 0.00031 0.000155
47.4 2 0.00275 0.000284 0.000142
47.8 2 0.00254 0.00026 0.00013
48.2 2 0.00235 0.000239 0.000119
48.6 2 0.00218 0.000219 0.000109
49 2 0.00201 0.0002 0.0001
49.4 2 0.00186 0.000184 9.19e-05
49.8 2 0.00172 0.000168 8.42e-05
50.2 2 0.00159 0.000154 7.72e-05
50.6 2 0.00147 0.000142 7.09e-05
51 2 0.00136 0.00013 6.5e-05
51.4 2 0.00126 0.000119 5.95e-05
51.8 2 0.00116 0.000109 5.45e-05
52.2 2 0.00107 9.99e-05 5e-05
52.6 2 0.000992 9.17e-05 4.58e-05
53 2 0.000917 8.41e-05 4.2e-05
53.4 2 0.000847 7.7e-05 3.85e-05
53.8 2 0.000783 7.06e-05 3.53e-05
54.2 2 0.000723 6.48e-05 3.24e-05
54.6 2 0.000668 5.94e-05 2.97e-05
55 2 0.000617 5.44e-05 2.72e-05
55.4 2 0.00057 4.99e-05 2.49e-05
55.8 2 0.000526 4.57e-05 2.29e-05
56.2 2 0.000486 4.19e-05 2.1e-05
56.6 2 0.000449 3.84e-05 1.92e-05
57 2 0.000415 3.52e-05 1.76e-05
57.4 2 0.000383 3.23e-05 1.61e-05
57.8 2 0.000354 2.96e-05 1.48e-05
58.2 2 0.000326 2.71e-05 1.36e-05
58.6 2 0.000301 2.49e-05 1.24e-05
59 2 0.000278 2.28e-05 1.14e-05
59.4 2 0.000257 2.09e-05 1.05e-05
59.8 2 0.000237 1.92e-05 9.6e-06
60.2 2 0.000219 1.76e-05 8.8e-06
60.6 2 0.000202 1.61e-05 8.06e-06
61 2 0.000187 1.48e-05 7.38e-06
61.4 2 0.000172 1.35e-05 6.76e-06
61.8 2 0.000159 1.24e-05 6.2e-06
62.2 2 0.000147 1.14e-05 5.69e-06
62.6 2 0.000135 1.04e-05 5.21e-06
63 2 0.000125 9.56e-06 4.78e-06
63.4 2 0.000115 8.76e-06 4.38e-06
63.8 2 0.000106 8.03e-06 4.02e-06
64.2 2 9.81e-05 7.36e-06 3.68e-06
64.6 2 9.05e-05 6.75e-06 3.38e-06
65 2 8.35e-05 6.19e-06 3.09e-06
65.4 2 7.71e-05 5.67e-06 2.84e-06
65.8 2 7.11e-05 5.2e-06 2.6e-06
66.2 2 6.56e-05 4.77e-06 2.38e-06
66.6 2 6.05e-05 4.37e-06 2.19e-06
67 2 5.58e-05 4.01e-06 2e-06
67.4 2 5.15e-05 3.67e-06 1.84e-06
67.8 2 4.75e-05 3.37e-06 1.68e-06
68.2 2 4.38e-05 3.09e-06 1.54e-06
68.6 2 4.04e-05 2.83e-06 1.41e-06
69 2 3.72e-05 2.59e-06 1.3e-06
69.4 2 3.44e-05 2.38e-06 1.19e-06
69.8 2 3.17e-05 2.18e-06 1.09e-06
70.2 2 2.92e-05 2e-06 9.99e-07
70.6 2 2.69e-05 1.83e-06 9.16e-07
71 2 2.48e-05 1.68e-06 8.39e-07
71.4 2 2.29e-05 1.54e-06 7.69e-07
71.8 2 2.11e-05 1.41e-06 7.05e-07
72.2 2 1.95e-05 1.29e-06 6.47e-07
72.6 2 1.8e-05 1.19e-06 5.93e-07
73 2 1.66e-05 1.09e-06 5.44e-07
73.4 2 1.53e-05 9.97e-07 4.98e-07
73.8 2 1.41e-05 9.14e-07 4.57e-07
74.2 2 1.3e-05 8.38e-07 4.19e-07
74.6 2 1.2e-05 7.68e-07 3.84e-07
75 2 1.1e-05 7.04e-07 3.52e-07
75.4 2 1.02e-05 6.45e-07 3.23e-07
75.8 2 9.36e-06 5.91e-07 2.96e-07
76.2 2 8.63e-06 5.42e-07 2.71e-07
76.6 2 7.95e-06 4.97e-07 2.49e-07
77 2 7.33e-06 4.56e-07 2.28e-07
77.4 2 6.76e-06 4.18e-07 2.09e-07
77.8 2 6.23e-06 3.83e-07 1.91e-07
78.2 2 5.74e-06 3.51e-07 1.76e-07
78.6 2 5.29e-06 3.22e-07 1.61e-07
79 2 4.87e-06 2.95e-07 1.47e-07
79.4 2 4.49e-06 2.7e-07 1.35e-07
79.8 2 4.14e-06 2.48e-07 1.24e-07
80.2 2 3.82e-06 2.27e-07 1.14e-07
80.6 2 3.52e-06 2.08e-07 1.04e-07
81 2 3.24e-06 1.91e-07 9.55e-08
81.4 2 2.98e-06 1.75e-07 8.75e-08
81.8 2 2.75e-06 1.6e-07 8.02e-08
82.2 2 2.53e-06 1.47e-07 7.36e-08
82.6 2 2.33e-06 1.35e-07 6.74e-08
83 2 2.15e-06 1.24e-07 6.18e-08
83.4 2 1.98e-06 1.13e-07 5.67e-08
83.8 2 1.83e-06 1.04e-07 5.2e-08
84.2 2 1.68e-06 9.53e-08 4.77e-08
84.6 2 1.55e-06 8.73e-08 4.36e-08
85 2 1.43e-06 8e-08 4e-08
85.4 2 1.31e-06 7.34e-08 3.67e-08
85.8 2 1.21e-06 6.73e-08 3.36e-08
86.2 2 1.12e-06 6.17e-08 3.08e-08
86.6 2 1.03e-06 5.65e-08 2.83e-08
87 2 9.47e-07 5.18e-08 2.59e-08
87.4 2 8.72e-07 4.75e-08 2.38e-08
87.8 2 8.03e-07 4.36e-08 2.18e-08
88.2 2 7.4e-07 3.99e-08 2e-08
88.6 2 6.82e-07 3.66e-08 1.83e-08
89 2 6.28e-07 3.35e-08 1.68e-08
89.4 2 5.79e-07 3.08e-08 1.54e-08
89.8 2 5.33e-07 2.82e-08 1.41e-08
90.2 2 4.91e-07 2.58e-08 1.29e-08
90.6 2 4.53e-07 2.37e-08 1.18e-08
91 2 4.17e-07 2.17e-08 1.09e-08
91.4 2 3.84e-07 1.99e-08 9.96e-09
91.8 2 3.54e-07 1.83e-08 9.13e-09
92.2 2 3.26e-07 1.67e-08 8.37e-09
92.6 2 3e-07 1.53e-08 7.67e-09
93 2 2.76e-07 1.41e-08 7.04e-09
93.4 2 2.54e-07 1.29e-08 6.45e-09
93.8 2 2.34e-07 1.18e-08 5.91e-09
94.2 2 2.15e-07 1.08e-08 5.41e-09
94.6 2 1.98e-07 9.93e-09 4.96e-09
95 2 1.82e-07 9.1e-09 4.55e-09
95.4 2 1.67e-07 8.35e-09 4.17e-09
95.8 2 1.53e-07 7.65e-09 3.83e-09
96.2 2 1.4e-07 7.01e-09 3.51e-09
96.6 2 1.28e-07 6.43e-09 3.21e-09
97 2 1.17e-07 5.89e-09 2.95e-09
97.4 2 1.07e-07 5.4e-09 2.7e-09
97.8 2 9.9e-08 4.95e-09 2.48e-09
98.2 2 9.2e-08 4.54e-09 2.27e-09
98.6 2 8.64e-08 4.16e-09 2.08e-09
99 2 8.23e-08 3.81e-09 1.9e-09
99.4 2 7.97e-08 3.46e-09 1.73e-09
99.8 2 7.86e-08 3.28e-09 1.64e-09
