-15 0.207 0.652 0.198 1
-14.6 0.217 0.673 0.207 1
-14.2 0.227 0.695 0.216 1
-13.8 0.238 0.716 0.226 1
-13.4 0.249 0.737 0.236 1
-13 0.261 0.759 0.246 1
-12.6 0.273 0.78 0.256 1
-12.2 0.285 0.802 0.267 1
-11.8 0.298 0.823 0.278 1
-11.4 0.311 0.845 0.289 1
-11 0.325 0.867 0.301 1
-10.6 0.339 0.889 0.312 1
-10.2 0.354 0.911 0.324 1
-9.8 0.369 0.932 0.336 1
-9.4 0.384 0.954 0.348 1
-9 0.4 0.975 0.361 1
-8.6 0.416 0.998 0.373 1
-8.2 0.432 1.02 0.385 0.892
-7.8 0.449 1.04 0.398 0.886
-7.4 0.466 1.07 0.41 0.88
-7 0.484 1.09 0.423 0.874
-6.6 0.502 1.1 0.435 0.867
-6.2 0.52 1.12 0.447 0.86
-5.8 0.539 1.13 0.459 0.852
-5.4 0.557 1.15 0.471 0.845
-5 0.577 1.15 0.484 0.839
-4.6 0.596 1.16 0.495 0.831
10.3 1.39 1.16 0.499 0.359
10.7 1.41 1.16 0.493 0.35
11.1 1.43 1.15 0.481 0.337
11.5 1.45 1.14 0.468 0.323
11.9 1.47 1.13 0.456 0.311
12.3 1.48 1.12 0.444 0.299
12.7 1.5 1.1 0.432 0.287
13.1 1.52 1.08 0.42 0.276
13.5 1.54 1.06 0.407 0.265
13.9 1.56 1.04 0.395 0.254
14.3 1.57 1.02 0.382 0.243
14.7 1.59 0.992 0.37 0.233
15.1 1.6 0.97 0.358 0.223
15.5 1.62 0.948 0.345 0.213
15.9 1.64 0.927 0.333 0.204
16.3 1.65 0.905 0.321 0.195
16.7 1.66 0.883 0.309 0.186
17.1 1.68 0.862 0.298 0.178
17.5 1.69 0.84 0.287 0.169
17.9 1.71 0.818 0.275 0.161
18.3 1.72 0.796 0.264 0.154
18.7 1.73 0.774 0.254 0.147
19.1 1.74 0.752 0.243 0.14
19.5 1.75 0.731 0.233 0.133
19.9 1.76 0.71 0.223 0.127
20.3 1.78 0.688 0.214 0.12
20.7 1.79 0.667 0.205 0.115
21.1 1.8 0.647 0.196 0.109
21.5 1.81 0.626 0.187 0.103
21.9 1.81 0.606 0.178 0.0982
22.3 1.82 0.586 0.17 0.0933
22.7 1.83 0.567 0.162 0.0886
23.1 1.84 0.548 0.155 0.0842
23.5 1.85 0.529 0.148 0.0799
23.9 1.86 0.511 0.141 0.0758
24.3 1.86 0.493 0.134 0.0719
24.7 1.87 0.475 0.127 0.0682
25.1 1.88 0.458 0.121 0.0646
25.5 1.88 0.442 0.115 0.0613
25.9 1.89 0.425 0.11 0.0581
26.3 1.89 0.409 0.104 0.0551
26.7 1.9 0.394 0.0991 0.0522
27.1 1.9 0.379 0.0941 0.0494
27.5 1.91 0.364 0.0894 0.0468
27.9 1.91 0.35 0.0849 0.0444
28.3 1.92 0.337 0.0805 0.042
28.7 1.92 0.323 0.0764 0.0398
29.1 1.93 0.311 0.0725 0.0376
29.5 1.93 0.298 0.0688 0.0356
29.9 1.93 0.286 0.0652 0.0337
30.3 1.94 0.274 0.0618 0.0319
30.7 1.94 0.263 0.0586 0.0302
31.1 1.94 0.252 0.0555 0.0286
31.5 1.95 0.242 0.0526 0.027
31.9 1.95 0.232 0.0498 0.0256
32.3 1.95 0.222 0.0472 0.0242
32.7 1.95 0.213 0.0447 0.0229
33.1 1.96 0.204 0.0423 0.0216
33.5 1.96 0.195 0.0401 0.0205
33.9 1.96 0.187 0.0379 0.0193
34.3 1.96 0.179 0.0359 0.0183
34.7 1.97 0.171 0.034 0.0173
35.1 1.97 0.164 0.0322 0.0163
35.5 1.97 0.156 0.0304 0.0155
35.9 1.97 0.15 0.0288 0.0146
36.3 1.97 0.143 0.0272 0.0138
36.7 1.97 0.137 0.0258 0.0131
37.1 1.98 0.131 0.0244 0.0123
37.5 1.98 0.125 0.0231 0.0117
37.9 1.98 0.119 0.0218 0.011
38.3 1.98 0.114 0.0206 0.0104
38.7 1.98 0.109 0.0195 0.00984
39.1 1.98 0.104 0.0184 0.0093
39.5 1.98 0.0992 0.0174 0.00879
39.9 1.98 0.0947 0.0165 0.0083
40.3 1.99 0.0904 0.0156 0.00784
40.7 1.99 0.0863 0.0147 0.00741
41.1 1.99 0.0823 0.0139 0.007
41.5 1.99 0.0785 0.0132 0.00662
41.9 1.99 0.0749 0.0124 0.00626
42.3 1.99 0.0715 0.0118 0.00591
42.7 1.99 0.0682 0.0111 0.00558
43.1 1.99 0.065 0.0105 0.00527
43.5 1.99 0.062 0.00991 0.00498
43.9 1.99 0.0591 0.00937 0.00471
44.3 1.99 0.0564 0.00886 0.00445
44.7 1.99 0.0537 0.00837 0.00421
45.1 1.99 0.0512 0.00791 0.00397
45.5 1.99 0.0496 0.00747 0.00376
45.9 1.99 0.0478 0.00706 0.00355
46.3 1.99 0.0456 0.00667 0.00335
46.7 1.99 0.0433 0.0063 0.00316
47.1 1.99 0.0408 0.00595 0.00299
47.5 1.99 0.0381 0.00563 0.00282
47.9 1.99 0.0354 0.00532 0.00267
48.3 1.99 0.0326 0.00502 0.00252
48.7 2 0.0297 0.00474 0.00238
49.1 2 0.0269 0.00448 0.00224
49.5 2 0.0242 0.00436 0.00218
49.9 2 0.0215 0.00337 0.00168
58.5 2 0.0189 0.00209 0.00105
58.9 2 0.0165 0.00109 0.000547
59.3 2 0.0142 0.000898 0.000449
59.7 2 0.0121 0.000989 0.000494
60.1 2 0.0102 0.000934 0.000467
60.5 2 0.00857 0.000883 0.000441
60.9 2 0.00717 0.000834 0.000417
61.3 2 0.00603 0.000787 0.000394
61.7 2 0.00519 0.000744 0.000372
62.1 2 0.00466 0.000702 0.000351
62.5 2 0.00446 0.000664 0.000332
62.9 2 0.00461 0.000627 0.000313
63.3 2 0.00511 0.000592 0.000296
63.7 2 0.0051 0.000559 0.000279
64.1 2 0.00484 0.000528 0.000264
64.5 2 0.0046 0.000499 0.000249
64.9 2 0.00437 0.000471 0.000236
65.3 2 0.00416 0.000445 0.000222
65.7 2 0.00395 0.00042 0.00021
66.1 2 0.00375 0.000397 0.000198
66.5 2 0.00357 0.000375 0.000187
66.9 2 0.00339 0.000354 0.000177
67.3 2 0.00322 0.000334 0.000167
67.7 2 0.00306 0.000316 0.000158
68.1 2 0.00291 0.000298 0.000149
68.5 2 0.00276 0.000282 0.000141
68.9 2 0.00262 0.000266 0.000133
69.3 2 0.00249 0.000251 0.000126
69.7 2 0.00237 0.000237 0.000119
70.1 2 0.00225 0.000224 0.000112
70.5 2 0.00214 0.000212 0.000106
70.9 2 0.00203 0.0002 0.0001
71.3 2 0.00193 0.000189 9.44e-05
71.7 2 0.00183 0.000178 8.91e-05
72.1 2 0.00174 0.000168 8.42e-05
72.5 2 0.00165 0.000159 7.95e-05
72.9 2 0.00157 0.00015 7.51e-05
73.3 2 0.00149 0.000142 7.09e-05
73.7 2 0.00141 0.000134 6.7e-05
74.1 2 0.00134 0.000127 6.33e-05
74.5 2 0.00127 0.00012 5.98e-05
74.9 2 0.00121 0.000113 5.65e-05
75.3 2 0.00115 0.000107 5.34e-05
75.7 2 0.00109 0.000101 5.04e-05
76.1 2 0.00104 9.51e-05 4.76e-05
76.5 2 0.000983 8.98e-05 4.49e-05
76.9 2 0.000934 8.48e-05 4.24e-05
77.3 2 0.000886 8.01e-05 4.01e-05
77.7 2 0.000841 7.57e-05 3.78e-05
78.1 2 0.000799 7.15e-05 3.57e-05
78.5 2 0.000758 6.75e-05 3.38e-05
78.9 2 0.00072 6.38e-05 3.19e-05
79.3 2 0.000683 6.02e-05 3.01e-05
79.7 2 0.000649 5.69e-05 2.84e-05
80.1 2 0.000616 5.37e-05 2.69e-05
80.5 2 0.000584 5.07e-05 2.54e-05
80.9 2 0.000555 4.79e-05 2.4e-05
81.3 2 0.000526 4.53e-05 2.26e-05
81.7 2 0.0005 4.27e-05 2.14e-05
82.1 2 0.000474 4.04e-05 2.02e-05
82.5 2 0.00045 3.81e-05 1.91e-05
82.9 2 0.000427 3.6e-05 1.8e-05
83.3 2 0.000405 3.4e-05 1.7e-05
83.7 2 0.000385 3.21e-05 1.61e-05
84.1 2 0.000365 3.03e-05 1.52e-05
84.5 2 0.000346 2.87e-05 1.43e-05
84.9 2 0.000329 2.71e-05 1.35e-05
85.3 2 0.000312 2.56e-05 1.28e-05
85.7 2 0.000296 2.41e-05 1.21e-05
86.1 2 0.000281 2.28e-05 1.14e-05
86.5 2 0.000266 2.15e-05 1.08e-05
86.9 2 0.000253 2.03e-05 1.02e-05
87.3 2 0.00024 1.92e-05 9.6e-06
87.7 2 0.000228 1.81e-05 9.07e-06
88.1 2 0.000216 1.71e-05 8.56e-06
88.5 2 0.000205 1.62e-05 8.1e-06
88.9 2 0.000194 1.53e-05 7.65e-06
89.3 2 0.000184 1.44e-05 7.21e-06
89.7 2 0.000175 1.36e-05 6.81e-06
90.1 2 0.000166 1.29e-05 6.43e-06
90.5 2 0.000157 1.22e-05 6.08e-06
90.9 2 0.000149 1.15e-05 5.74e-06
91.3 2 0.000142 1.08e-05 5.42e-06
91.7 2 0.000134 1.02e-05 5.12e-06
92.1 2 0.000127 9.67e-06 4.83e-06
92.5 2 0.000121 9.14e-06 4.57e-06
92.9 2 0.000115 8.63e-06 4.32e-06
93.3 2 0.000109 8.15e-06 4.08e-06
93.7 2 0.000103 7.7e-06 3.85e-06
94.1 2 9.78e-05 7.27e-06 3.64e-06
94.5 2 9.28e-05 6.87e-06 3.43e-06
94.9 2 8.8e-05 6.49e-06 3.24e-06
95.3 2 8.33e-05 6.12e-06 3.06e-06
95.7 2 7.87e-05 5.79e-06 2.89e-06
96.1 2 7.42e-05 5.46e-06 2.73e-06
96.5 2 7e-05 5.16e-06 2.58e-06
96.9 2 6.6e-05 4.87e-06 2.44e-06
97.3 2 6.25e-05 4.6e-06 2.3e-06
97.7 2 5.93e-05 4.35e-06 2.17e-06
98.1 2 5.66e-05 4.11e-06 2.05e-06
98.5 2 5.44e-05 3.88e-06 1.94e-06
98.9 2 5.27e-05 3.66e-06 1.83e-06
99.3 2 5.16e-05 3.44e-06 1.72e-06
99.7 2 5.1e-05 3.28e-06 1.64e-06
