-15 0.303 0.838 0.277 1
-14.6 0.313 0.856 0.286 1
-14.2 0.324 0.873 0.295 1
-13.8 0.336 0.891 0.303 1
-13.4 0.347 0.909 0.312 1
-13 0.359 0.926 0.322 1
-12.6 0.371 0.944 0.331 1
-12.2 0.383 0.961 0.34 1
-11.8 0.396 0.979 0.349 1
-11.4 0.408 0.996 0.359 1
-11 0.421 1.01 0.368 0.874
-10.6 0.435 1.03 0.378 0.869
-10.2 0.448 1.05 0.387 0.863
-9.8 0.462 1.07 0.397 0.858
-9.4 0.476 1.09 0.406 0.853
-9 0.491 1.1 0.415 0.847
-8.6 0.505 1.12 0.425 0.841
-8.2 0.52 1.13 0.434 0.835
-7.8 0.535 1.14 0.443 0.829
-7.4 0.55 1.15 0.452 0.822
-7 0.566 1.16 0.462 0.817
-6.6 0.581 1.16 0.471 0.81
12.3 1.41 1.16 0.473 0.336
12.7 1.42 1.16 0.469 0.33
13.1 1.44 1.16 0.459 0.319
13.5 1.45 1.15 0.45 0.31
13.9 1.47 1.14 0.441 0.3
14.3 1.48 1.13 0.432 0.291
14.7 1.5 1.11 0.422 0.282
15.1 1.51 1.1 0.413 0.273
15.5 1.53 1.08 0.404 0.264
15.9 1.54 1.06 0.394 0.256
16.3 1.56 1.05 0.385 0.247
16.7 1.57 1.03 0.375 0.239
17.1 1.58 1.01 0.366 0.231
17.5 1.59 0.991 0.356 0.223
17.9 1.61 0.974 0.347 0.216
18.3 1.62 0.957 0.338 0.208
18.7 1.63 0.94 0.328 0.201
19.1 1.64 0.922 0.319 0.194
19.5 1.66 0.905 0.31 0.187
19.9 1.67 0.887 0.301 0.181
20.3 1.68 0.869 0.292 0.174
20.7 1.69 0.852 0.284 0.168
21.1 1.7 0.834 0.275 0.162
21.5 1.71 0.816 0.267 0.156
21.9 1.72 0.799 0.258 0.15
22.3 1.73 0.781 0.25 0.144
22.7 1.74 0.764 0.242 0.139
23.1 1.75 0.746 0.234 0.134
23.5 1.76 0.729 0.226 0.129
23.9 1.77 0.712 0.219 0.124
24.3 1.77 0.695 0.212 0.119
24.7 1.78 0.678 0.204 0.115
25.1 1.79 0.662 0.197 0.11
25.5 1.8 0.645 0.191 0.106
25.9 1.81 0.629 0.184 0.102
26.3 1.81 0.613 0.177 0.0979
26.7 1.82 0.597 0.171 0.094
27.1 1.83 0.581 0.165 0.0904
27.5 1.83 0.566 0.159 0.0868
27.9 1.84 0.551 0.153 0.0833
28.3 1.85 0.536 0.148 0.08
28.7 1.85 0.521 0.142 0.0768
29.1 1.86 0.507 0.137 0.0737
29.5 1.86 0.493 0.132 0.0706
29.9 1.87 0.479 0.127 0.0678
30.3 1.87 0.465 0.122 0.065
30.7 1.88 0.452 0.117 0.0625
31.1 1.88 0.439 0.113 0.0599
31.5 1.89 0.426 0.108 0.0574
31.9 1.89 0.414 0.104 0.055
32.3 1.9 0.401 0.1 0.0527
32.7 1.9 0.389 0.0962 0.0506
33.1 1.91 0.378 0.0925 0.0485
33.5 1.91 0.366 0.0888 0.0465
33.9 1.91 0.355 0.0853 0.0446
34.3 1.92 0.344 0.0819 0.0428
34.7 1.92 0.334 0.0787 0.041
35.1 1.92 0.323 0.0755 0.0393
35.5 1.93 0.313 0.0725 0.0376
35.9 1.93 0.303 0.0695 0.036
36.3 1.93 0.294 0.0667 0.0345
36.7 1.93 0.284 0.064 0.0331
37.1 1.94 0.275 0.0614 0.0317
37.5 1.94 0.266 0.0589 0.0304
37.9 1.94 0.258 0.0565 0.0291
38.3 1.94 0.249 0.0542 0.0278
38.7 1.95 0.241 0.0519 0.0267
39.1 1.95 0.233 0.0498 0.0255
39.5 1.95 0.226 0.0477 0.0245
39.9 1.95 0.218 0.0458 0.0234
40.3 1.96 0.211 0.0439 0.0224
40.7 1.96 0.204 0.042 0.0215
41.1 1.96 0.197 0.0403 0.0206
41.5 1.96 0.191 0.0386 0.0197
41.9 1.96 0.184 0.037 0.0189
42.3 1.96 0.178 0.0354 0.018
42.7 1.97 0.172 0.0339 0.0173
43.1 1.97 0.166 0.0325 0.0165
43.5 1.97 0.16 0.0312 0.0158
43.9 1.97 0.155 0.0298 0.0151
44.3 1.97 0.15 0.0286 0.0145
44.7 1.97 0.144 0.0274 0.0139
45.1 1.97 0.139 0.0262 0.0133
45.5 1.97 0.135 0.0251 0.0127
45.9 1.98 0.13 0.024 0.0122
46.3 1.98 0.125 0.023 0.0116
46.7 1.98 0.121 0.022 0.0111
47.1 1.98 0.117 0.0211 0.0107
47.5 1.98 0.113 0.0202 0.0102
47.9 1.98 0.109 0.0193 0.00976
48.3 1.98 0.105 0.0185 0.00934
48.7 1.98 0.101 0.0177 0.00893
49.1 1.98 0.0976 0.017 0.00855
49.5 1.98 0.0941 0.0162 0.00819
49.9 1.98 0.0908 0.0156 0.00784
50.3 1.99 0.0875 0.0149 0.0075
50.7 1.99 0.0844 0.0142 0.00717
51.1 1.99 0.0813 0.0136 0.00686
51.5 1.99 0.0784 0.0131 0.00657
51.9 1.99 0.0756 0.0125 0.00629
52.3 1.99 0.0746 0.012 0.00601
52.7 1.99 0.0728 0.0114 0.00575
53.1 1.99 0.0705 0.0109 0.0055
53.5 1.99 0.0675 0.0105 0.00526
53.9 1.99 0.064 0.01 0.00504
54.3 1.99 0.0602 0.00959 0.00482
54.7 1.99 0.056 0.00918 0.00461
55.1 1.99 0.0516 0.00879 0.00442
55.5 1.99 0.047 0.00841 0.00423
55.9 1.99 0.0424 0.00805 0.00405
56.3 1.99 0.0377 0.00798 0.00401
56.7 1.99 0.0331 0.00595 0.00299
73.2 2 0.0287 0.00324 0.00162
73.6 2 0.0244 0.00111 0.000553
74 2 0.0203 0.000749 0.000374
74.4 2 0.0166 0.00104 0.000518
74.8 2 0.0132 0.000992 0.000496
75.2 2 0.0103 0.000949 0.000474
75.6 2 0.00782 0.000908 0.000454
76 2 0.00588 0.000869 0.000434
76.4 2 0.00451 0.000831 0.000416
76.8 2 0.00376 0.000795 0.000397
77.2 2 0.00367 0.00076 0.00038
77.6 2 0.0043 0.000727 0.000364
78 2 0.00568 0.000696 0.000348
78.4 2 0.00597 0.000665 0.000333
78.8 2 0.00574 0.000637 0.000318
79.2 2 0.00552 0.000609 0.000305
79.6 2 0.0053 0.000582 0.000291
80 2 0.0051 0.000557 0.000279
80.4 2 0.0049 0.000533 0.000266
80.8 2 0.00471 0.00051 0.000255
81.2 2 0.00453 0.000488 0.000244
81.6 2 0.00435 0.000466 0.000233
82 2 0.00418 0.000446 0.000223
82.4 2 0.00402 0.000427 0.000213
82.8 2 0.00386 0.000408 0.000204
83.2 2 0.00371 0.00039 0.000195
83.6 2 0.00357 0.000373 0.000187
84 2 0.00343 0.000357 0.000179
84.4 2 0.00329 0.000342 0.000171
84.8 2 0.00316 0.000327 0.000163
85.2 2 0.00304 0.000313 0.000156
85.6 2 0.00292 0.000299 0.00015
86 2 0.00281 0.000286 0.000143
86.4 2 0.0027 0.000274 0.000137
86.8 2 0.00259 0.000262 0.000131
87.2 2 0.00249 0.00025 0.000125
87.6 2 0.00239 0.00024 0.00012
88 2 0.0023 0.000229 0.000115
88.4 2 0.00221 0.000219 0.00011
88.8 2 0.00212 0.00021 0.000105
89.2 2 0.00204 0.000201 0.0001
89.6 2 0.00196 0.000192 9.59e-05
90 2 0.00188 0.000183 9.17e-05
90.4 2 0.00181 0.000175 8.77e-05
90.8 2 0.00174 0.000168 8.39e-05
91.2 2 0.00167 0.000161 8.03e-05
91.6 2 0.0016 0.000154 7.68e-05
92 2 0.00154 0.000147 7.35e-05
92.4 2 0.00148 0.000141 7.03e-05
92.8 2 0.00142 0.000134 6.72e-05
93.2 2 0.00136 0.000129 6.43e-05
93.6 2 0.00131 0.000123 6.15e-05
94 2 0.00126 0.000118 5.89e-05
94.4 2 0.00121 0.000113 5.63e-05
94.8 2 0.00116 0.000108 5.38e-05
95.2 2 0.00111 0.000103 5.15e-05
95.6 2 0.00107 9.85e-05 4.93e-05
96 2 0.00102 9.42e-05 4.71e-05
96.4 2 0.000975 9.01e-05 4.5e-05
96.8 2 0.000932 8.62e-05 4.31e-05
97.2 2 0.000893 8.24e-05 4.12e-05
97.6 2 0.000858 7.88e-05 3.94e-05
98 2 0.000828 7.54e-05 3.77e-05
98.4 2 0.000803 7.22e-05 3.61e-05
98.8 2 0.000783 6.9e-05 3.45e-05
99.2 2 0.000769 6.57e-05 3.29e-05
99.6 2 0.000761 6.31e-05 3.16e-05
