-15 0.253 0.746 1 0.0131
-14.6 0.263 0.765 1 0.0273
-14.2 0.274 0.784 1 0.0282
-13.8 0.285 0.803 1 0.0279
-13.4 0.296 0.822 1 0.0275
-13 0.307 0.841 1 0.0284
-12.6 0.319 0.86 1 0.0293
-12.2 0.331 0.879 1 0.0289
-11.8 0.343 0.897 1 0.0298
-11.4 0.356 0.916 1 0.0306
-11 0.369 0.935 1 0.0302
-10.6 0.382 0.953 1 0.031
-10.2 0.396 0.972 1 0.0307
-9.8 0.409 0.99 1 0.0303
-9.4 0.423 1.01 1 0.0322
-9 0.438 1.03 1 0.0318
-8.6 0.452 1.05 1 0.0315
-8.2 0.467 1.06 1 0.0322
-7.8 0.482 1.08 1 0.0329
-7.4 0.498 1.1 1 0.0326
-7 0.513 1.12 0.874 0.0323
-6.6 0.529 1.13 0.869 0.033
-6.2 0.545 1.14 0.863 0.0337
-5.8 0.562 1.15 0.856 0.0333
-5.4 0.578 1.16 0.851 0.033
-5 0.595 1.16 0.845 0.0337
-4.6 0.612 1.16 0.831 0.0319
12.9 1.4 1.16 0.36 0.03
13.3 1.42 1.16 0.349 0.0223
13.7 1.43 1.15 0.337 0.0222
14.1 1.45 1.14 0.326 0.0295
14.5 1.47 1.13 0.315 0.022
14.9 1.48 1.12 0.305 0.0219
15.3 1.5 1.1 0.294 0.0219
15.7 1.51 1.09 0.284 0.0218
16.1 1.53 1.07 0.274 0.0217
16.5 1.54 1.05 0.264 0.0216
16.9 1.56 1.03 0.255 0.0216
17.3 1.57 1.01 0.245 0.0215
17.7 1.59 0.994 0.236 0.0214
18.1 1.6 0.976 0.227 0.0142
18.5 1.61 0.958 0.219 0.0213
18.9 1.63 0.939 0.21 0.0213
19.3 1.64 0.921 0.202 0.0141
19.7 1.65 0.902 0.194 0.0211
20.1 1.67 0.883 0.186 0.0211
20.5 1.68 0.864 0.179 0.014
20.9 1.69 0.845 0.172 0.014
21.3 1.7 0.826 0.165 0.014
21.7 1.71 0.807 0.158 0.0139
22.1 1.72 0.788 0.152 0.0139
22.5 1.73 0.769 0.145 0.0139
22.9 1.74 0.751 0.139 0.0139
23.3 1.75 0.732 0.133 0.0138
23.7 1.76 0.713 0.128 0.0138
24.1 1.77 0.695 0.122 0.0138
24.5 1.78 0.676 0.117 0.0138
24.9 1.79 0.658 0.112 0.0137
25.3 1.8 0.64 0.107 0.0137
25.7 1.81 0.622 0.102 0.0137
26.1 1.82 0.605 0.0979 0.00683
26.5 1.82 0.588 0.0936 0.00682
26.9 1.83 0.571 0.0895 0.0136
27.3 1.84 0.554 0.0856 0.00681
27.7 1.84 0.537 0.0817 0.00679
28.1 1.85 0.521 0.078 0.0136
28.5 1.86 0.505 0.0745 0.00678
28.9 1.86 0.49 0.0711 0.00677
29.3 1.87 0.474 0.068 0.0135
29.7 1.88 0.459 0.0648 0.00676
30.1 1.88 0.445 0.0619 0.00675
30.5 1.89 0.43 0.059 0.00675
30.9 1.89 0.416 0.0563 0.00673
31.3 1.9 0.403 0.0537 0.00673
31.7 1.9 0.389 0.0512 0.00672
32.1 1.91 0.377 0.0489 0.00672
32.5 1.91 0.364 0.0466 0
32.9 1.91 0.351 0.0444 0.00671
33.3 1.92 0.339 0.0424 0.00671
33.7 1.92 0.328 0.0404 0
34.1 1.92 0.316 0.0385 0.0067
34.5 1.93 0.305 0.0367 0.0067
34.9 1.93 0.295 0.035 0
35.3 1.93 0.284 0.0333 0.00669
35.7 1.94 0.274 0.0318 0.00669
36.1 1.94 0.264 0.0303 0
36.5 1.94 0.255 0.0288 0.00668
36.9 1.95 0.245 0.0275 0.00668
37.3 1.95 0.236 0.0262 0
37.7 1.95 0.228 0.0249 0
38.1 1.95 0.219 0.0237 0.00666
38.5 1.96 0.211 0.0226 0.00666
38.9 1.96 0.203 0.0215 0
39.3 1.96 0.196 0.0205 0
39.7 1.96 0.188 0.0195 0
40.1 1.96 0.181 0.0186 0
40.5 1.96 0.174 0.0177 0.00665
40.9 1.97 0.168 0.0168 0.00665
41.3 1.97 0.161 0.016 0
41.7 1.97 0.155 0.0153 0
42.1 1.97 0.149 0.0145 0
42.5 1.97 0.143 0.0138 0
42.9 1.97 0.138 0.0132 0
43.3 1.97 0.133 0.0125 0.00664
43.7 1.98 0.127 0.0119 0.00664
44.1 1.98 0.122 0.0114 0
44.5 1.98 0.118 0.0108 0
44.9 1.98 0.113 0.0103 0
45.3 1.98 0.109 0.00979 0
45.7 1.98 0.104 0.00932 0
46.1 1.98 0.1 0.00887 0
46.5 1.98 0.0961 0.00843 0
46.9 1.98 0.0923 0.00802 0.00663
47.3 1.99 0.0886 0.00763 0.00663
47.7 1.99 0.085 0.00727 0
48.1 1.99 0.0816 0.00691 0
48.5 1.99 0.0783 0.00658 0
48.9 1.99 0.0752 0.00627 0
49.3 1.99 0.0722 0.00597 0
49.7 1.99 0.0692 0.00567 0
50.1 1.99 0.0664 0.00539 0
50.5 1.99 0.0637 0.00513 0
50.9 1.99 0.0611 0.00488 0
51.3 1.99 0.0586 0.00465 0
51.7 1.99 0.0562 0.00443 0
52.1 1.99 0.0539 0.00421 0
52.5 1.99 0.0517 0.00401 0
52.9 1.99 0.0496 0.00382 0
53.3 1.99 0.0475 0.00363 0
53.7 1.99 0.0456 0.00346 0
54.1 1.99 0.0437 0.00329 0
54.5 1.99 0.0419 0.00313 0
54.9 1.99 0.0402 0.00297 0
55.3 1.99 0.0385 0.00283 0
55.7 1.99 0.0369 0.00269 0
56.1 1.99 0.0353 0.00256 0.00662
56.5 2 0.0339 0.00243 0.00662
56.9 2 0.0325 0.00232 0
57.3 2 0.0311 0.0022 0
57.7 2 0.0298 0.00209 0
58.1 2 0.0285 0.00199 0
58.5 2 0.0273 0.00189 0
58.9 2 0.0262 0.0018 0
59.3 2 0.0251 0.00171 0
59.7 2 0.024 0.00163 0
60.1 2 0.023 0.00155 0
60.5 2 0.0221 0.00148 0
60.9 2 0.0211 0.0014 0
61.3 2 0.0202 0.00133 0
61.7 2 0.0194 0.00127 0
62.1 2 0.0185 0.00121 0
62.5 2 0.0178 0.00115 0
62.9 2 0.017 0.00109 0
63.3 2 0.0163 0.00104 0
63.7 2 0.0156 0.00099 0
64.1 2 0.0149 0.000942 0
64.5 2 0.0143 0.000896 0
64.9 2 0.0137 0.000852 0
65.3 2 0.0131 0.00081 0
65.7 2 0.0125 0.00077 0
66.1 2 0.012 0.000733 0
66.5 2 0.0115 0.000698 0
66.9 2 0.011 0.000664 0
67.3 2 0.0105 0.000632 0
67.7 2 0.0101 0.000601 0
68.1 2 0.00963 0.000572 0
68.5 2 0.00921 0.000544 0
68.9 2 0.00881 0.000517 0
69.3 2 0.00843 0.000492 0
69.7 2 0.00807 0.000468 0
70.1 2 0.00772 0.000445 0
70.5 2 0.00739 0.000424 0
70.9 2 0.00707 0.000403 0
71.3 2 0.00676 0.000383 0
71.7 2 0.00647 0.000365 0
72.1 2 0.00619 0.000347 0
72.5 2 0.00592 0.00033 0
72.9 2 0.00566 0.000314 0
73.3 2 0.00542 0.000299 0
73.7 2 0.00518 0.000284 0
74.1 2 0.00495 0.00027 0
74.5 2 0.00474 0.000257 0
74.9 2 0.00453 0.000244 0
75.3 2 0.00433 0.000233 0
75.7 2 0.00415 0.000221 0
76.1 2 0.00396 0.00021 0
76.5 2 0.00379 0.0002 0
76.9 2 0.00363 0.00019 0
77.3 2 0.00347 0.000181 0
77.7 2 0.00331 0.000172 0
78.1 2 0.00317 0.000164 0
78.5 2 0.00303 0.000156 0
78.9 2 0.0029 0.000148 0
79.3 2 0.00277 0.000141 0
79.7 2 0.00265 0.000134 0
80.1 2 0.00253 0.000128 0
80.5 2 0.00242 0.000121 0
80.9 2 0.00231 0.000116 0
81.3 2 0.00221 0.00011 0
81.7 2 0.00212 0.000104 0
82.1 2 0.00202 9.94e-05 0
82.5 2 0.00193 9.46e-05 0
82.9 2 0.00185 9e-05 0
83.3 2 0.00177 8.56e-05 0
83.7 2 0.00169 8.14e-05 0
84.1 2 0.00161 7.75e-05 0
84.5 2 0.00154 7.37e-05 0
84.9 2 0.00147 7.01e-05 0
85.3 2 0.00141 6.66e-05 0
85.7 2 0.00135 6.34e-05 0
86.1 2 0.00129 6.03e-05 0
86.5 2 0.00123 5.74e-05 0
86.9 2 0.00118 5.46e-05 0
87.3 2 0.00112 5.19e-05 0
87.7 2 0.00107 4.94e-05 0
88.1 2 0.00103 4.7e-05 0
88.5 2 0.00098 4.47e-05 0
88.9 2 0.000937 4.25e-05 0
89.3 2 0.000895 4.04e-05 0
89.7 2 0.000855 3.85e-05 0
90.1 2 0.000817 3.66e-05 0
90.5 2 0.000781 3.48e-05 0
90.9 2 0.000746 3.31e-05 0
91.3 2 0.000713 3.15e-05 0
91.7 2 0.000681 3e-05 0
92.1 2 0.00065 2.85e-05 0
92.5 2 0.000621 2.71e-05 0
92.9 2 0.000594 2.58e-05 0
93.3 2 0.000567 2.45e-05 0
93.7 2 0.000542 2.33e-05 0
94.1 2 0.000518 2.22e-05 0
94.5 2 0.000495 2.11e-05 0
94.9 2 0.000472 2.01e-05 0
95.3 2 0.000451 1.91e-05 0
95.7 2 0.000429 1.82e-05 0
96.1 2 0.000407 1.73e-05 0
96.5 2 0.000387 1.64e-05 0
96.9 2 0.000368 1.56e-05 0
97.3 2 0.000351 1.49e-05 0
97.7 2 0.000336 1.41e-05 0
98.1 2 0.000322 1.35e-05 0
98.5 2 0.000312 1.28e-05 0
98.9 2 0.000303 1.22e-05 0
99.3 2 0.000298 1.15e-05 0
99.7 2 0.000295 1.11e-05 0
