-25 0.00108 0.00888 0.00108 1
-24.6 0.00124 0.0396 0.0135 1
-14.7 0.0258 0.0702 0.0228 1
-14.3 0.0292 0.101 0.0311 1
-13.9 0.033 0.131 0.0332 1
-13.5 0.0373 0.16 0.0375 1
-13.1 0.042 0.189 0.0422 1
-12.7 0.0474 0.217 0.0475 1
-12.3 0.0534 0.244 0.0534 1
-11.9 0.0602 0.27 0.06 1
-11.5 0.0677 0.294 0.0674 1
-11.1 0.0761 0.317 0.0756 1
-10.7 0.0855 0.34 0.0847 1
-10.3 0.0959 0.366 0.0948 1
-9.9 0.107 0.393 0.106 1
-9.5 0.12 0.426 0.118 1
-9.1 0.134 0.46 0.131 1
-8.7 0.15 0.496 0.146 1
-8.3 0.166 0.534 0.162 1
-7.9 0.185 0.573 0.179 1
-7.5 0.205 0.613 0.197 1
-7.1 0.227 0.654 0.217 1
-6.7 0.25 0.696 0.238 0.953
-6.3 0.275 0.738 0.261 0.947
-5.9 0.302 0.782 0.284 0.941
-5.5 0.331 0.827 0.309 0.934
-5.1 0.362 0.873 0.335 0.925
-4.7 0.394 0.918 0.361 0.916
-4.3 0.428 0.96 0.388 0.906
-3.9 0.464 1 0.415 0.894
-3.5 0.501 1.04 0.442 0.882
-3.1 0.54 1.07 0.469 0.867
-2.7 0.581 1.09 0.494 0.851
-2.3 0.622 1.11 0.519 0.834
-1.9 0.665 1.13 0.544 0.818
-1.5 0.709 1.14 0.563 0.793
3.4 1.28 1.14 0.565 0.441
3.8 1.32 1.13 0.55 0.416
4.2 1.37 1.12 0.525 0.384
4.6 1.41 1.1 0.501 0.355
5 1.45 1.07 0.475 0.328
5.4 1.49 1.04 0.449 0.301
5.8 1.53 1.01 0.422 0.276
6.2 1.56 0.971 0.395 0.252
6.6 1.6 0.928 0.368 0.23
7 1.63 0.884 0.341 0.209
7.4 1.66 0.839 0.315 0.19
7.8 1.69 0.793 0.291 0.172
8.2 1.72 0.749 0.267 0.155
8.6 1.74 0.706 0.244 0.14
9 1.77 0.664 0.222 0.126
9.4 1.79 0.623 0.202 0.113
9.8 1.81 0.583 0.183 0.101
10.2 1.83 0.543 0.166 0.0907
10.6 1.85 0.505 0.15 0.0811
11 1.86 0.469 0.135 0.0724
11.4 1.88 0.434 0.121 0.0646
11.8 1.89 0.401 0.109 0.0576
12.2 1.9 0.37 0.0975 0.0513
12.6 1.91 0.34 0.0871 0.0455
13 1.92 0.313 0.0778 0.0405
13.4 1.93 0.287 0.0694 0.0359
13.8 1.94 0.262 0.0618 0.0319
14.2 1.94 0.24 0.055 0.0283
14.6 1.95 0.219 0.0489 0.0251
15 1.96 0.199 0.0435 0.0222
15.4 1.96 0.181 0.0386 0.0197
15.8 1.97 0.165 0.0342 0.0174
16.2 1.97 0.15 0.0304 0.0154
16.6 1.97 0.136 0.0269 0.0136
17 1.98 0.123 0.0238 0.0121
17.4 1.98 0.111 0.0211 0.0107
17.8 1.98 0.101 0.0187 0.00943
18.2 1.98 0.0912 0.0165 0.00833
18.6 1.98 0.0824 0.0146 0.00736
19 1.99 0.0744 0.0129 0.0065
19.4 1.99 0.0671 0.0114 0.00574
19.8 1.99 0.0605 0.0101 0.00508
20.2 1.99 0.0545 0.00892 0.00448
20.6 1.99 0.0491 0.00789 0.00396
21 1.99 0.0442 0.00697 0.0035
21.4 1.99 0.0398 0.00615 0.00309
21.8 2 0.0358 0.00544 0.00272
22.2 2 0.0322 0.0048 0.0024
22.6 2 0.0289 0.00424 0.00212
23 2 0.026 0.00374 0.00187
23.4 2 0.0234 0.00331 0.00165
23.8 2 0.021 0.00292 0.00146
24.2 2 0.0188 0.00258 0.00129
24.6 2 0.0169 0.00227 0.00114
25 2 0.0152 0.00201 0.001
25.4 2 0.0136 0.00177 0.000886
25.8 2 0.0122 0.00156 0.000782
26.2 2 0.0109 0.00138 0.000691
26.6 2 0.0098 0.00122 0.00061
27 2 0.00878 0.00108 0.000538
27.4 2 0.00786 0.00095 0.000475
27.8 2 0.00704 0.000838 0.000419
28.2 2 0.00631 0.00074 0.00037
28.6 2 0.00565 0.000653 0.000326
29 2 0.00506 0.000576 0.000288
29.4 2 0.00452 0.000509 0.000254
29.8 2 0.00405 0.000449 0.000224
30.2 2 0.00362 0.000396 0.000198
30.6 2 0.00324 0.00035 0.000175
31 2 0.00289 0.000309 0.000154
31.4 2 0.00259 0.000272 0.000136
31.8 2 0.00231 0.00024 0.00012
32.2 2 0.00207 0.000212 0.000106
32.6 2 0.00185 0.000187 9.35e-05
33 2 0.00165 0.000165 8.25e-05
33.4 2 0.00147 0.000146 7.29e-05
33.8 2 0.00132 0.000129 6.44e-05
34.2 2 0.00118 0.000114 5.68e-05
34.6 2 0.00105 0.0001 5.01e-05
35 2 0.000937 8.84e-05 4.42e-05
35.4 2 0.000836 7.8e-05 3.9e-05
35.8 2 0.000747 6.89e-05 3.44e-05
36.2 2 0.000666 6.08e-05 3.04e-05
36.6 2 0.000595 5.36e-05 2.68e-05
37 2 0.00053 4.73e-05 2.37e-05
37.4 2 0.000473 4.18e-05 2.09e-05
37.8 2 0.000422 3.69e-05 1.84e-05
38.2 2 0.000377 3.25e-05 1.63e-05
38.6 2 0.000336 2.87e-05 1.44e-05
39 2 0.000299 2.53e-05 1.27e-05
39.4 2 0.000267 2.24e-05 1.12e-05
39.8 2 0.000238 1.97e-05 9.87e-06
40.2 2 0.000212 1.74e-05 8.71e-06
40.6 2 0.000189 1.54e-05 7.69e-06
41 2 0.000168 1.36e-05 6.78e-06
41.4 2 0.00015 1.2e-05 5.98e-06
41.8 2 0.000134 1.06e-05 5.28e-06
42.2 2 0.000119 9.32e-06 4.66e-06
42.6 2 0.000106 8.23e-06 4.11e-06
43 2 9.46e-05 7.26e-06 3.63e-06
43.4 2 8.43e-05 6.41e-06 3.2e-06
43.8 2 7.5e-05 5.65e-06 2.83e-06
44.2 2 6.68e-05 4.99e-06 2.49e-06
44.6 2 5.95e-05 4.4e-06 2.2e-06
45 2 5.3e-05 3.89e-06 1.94e-06
45.4 2 4.72e-05 3.43e-06 1.71e-06
45.8 2 4.2e-05 3.03e-06 1.51e-06
46.2 2 3.74e-05 2.67e-06 1.34e-06
46.6 2 3.33e-05 2.36e-06 1.18e-06
47 2 2.97e-05 2.08e-06 1.04e-06
47.4 2 2.64e-05 1.83e-06 9.17e-07
47.8 2 2.35e-05 1.62e-06 8.09e-07
48.2 2 2.09e-05 1.43e-06 7.14e-07
48.6 2 1.86e-05 1.26e-06 6.31e-07
49 2 1.65e-05 1.11e-06 5.57e-07
49.4 2 1.47e-05 9.83e-07 4.91e-07
49.8 2 1.31e-05 8.67e-07 4.33e-07
50.2 2 1.17e-05 7.65e-07 3.82e-07
50.6 2 1.04e-05 6.75e-07 3.38e-07
51 2 9.22e-06 5.96e-07 2.98e-07
51.4 2 8.2e-06 5.26e-07 2.63e-07
51.8 2 7.29e-06 4.64e-07 2.32e-07
52.2 2 6.49e-06 4.1e-07 2.05e-07
52.6 2 5.77e-06 3.62e-07 1.81e-07
53 2 5.13e-06 3.19e-07 1.59e-07
53.4 2 4.56e-06 2.81e-07 1.41e-07
53.8 2 4.05e-06 2.48e-07 1.24e-07
54.2 2 3.61e-06 2.19e-07 1.1e-07
54.6 2 3.21e-06 1.93e-07 9.66e-08
55 2 2.85e-06 1.71e-07 8.53e-08
55.4 2 2.53e-06 1.51e-07 7.53e-08
55.8 2 2.25e-06 1.33e-07 6.65e-08
56.2 2 2e-06 1.17e-07 5.87e-08
56.6 2 1.78e-06 1.04e-07 5.18e-08
57 2 1.58e-06 9.14e-08 4.57e-08
57.4 2 1.41e-06 8.06e-08 4.03e-08
57.8 2 1.25e-06 7.12e-08 3.56e-08
58.2 2 1.11e-06 6.28e-08 3.14e-08
58.6 2 9.86e-07 5.54e-08 2.77e-08
59 2 8.76e-07 4.89e-08 2.45e-08
59.4 2 7.79e-07 4.31e-08 2.16e-08
59.8 2 6.92e-07 3.81e-08 1.9e-08
60.2 2 6.15e-07 3.36e-08 1.68e-08
60.6 2 5.46e-07 2.97e-08 1.48e-08
61 2 4.85e-07 2.62e-08 1.31e-08
61.4 2 4.31e-07 2.31e-08 1.16e-08
61.8 2 3.83e-07 2.04e-08 1.02e-08
62.2 2 3.4e-07 1.8e-08 9e-09
62.6 2 3.02e-07 1.59e-08 7.95e-09
63 2 2.68e-07 1.4e-08 7.01e-09
63.4 2 2.38e-07 1.24e-08 6.19e-09
63.8 2 2.11e-07 1.09e-08 5.47e-09
64.2 2 1.88e-07 9.64e-09 4.82e-09
64.6 2 1.67e-07 8.5e-09 4.25e-09
65 2 1.48e-07 7.5e-09 3.75e-09
65.4 2 1.32e-07 6.62e-09 3.31e-09
65.8 2 1.17e-07 5.84e-09 2.92e-09
66.2 2 1.04e-07 5.16e-09 2.58e-09
66.6 2 9.21e-08 4.55e-09 2.27e-09
67 2 8.17e-08 4.01e-09 2.01e-09
67.4 2 7.26e-08 3.54e-09 1.77e-09
67.8 2 6.44e-08 3.13e-09 1.56e-09
68.2 2 5.72e-08 2.76e-09 1.38e-09
68.6 2 5.08e-08 2.44e-09 1.22e-09
69 2 4.51e-08 2.15e-09 1.08e-09
69.4 2 4e-08 1.9e-09 9.49e-10
69.8 2 3.55e-08 1.67e-09 8.37e-10
70.2 2 3.15e-08 1.48e-09 7.38e-10
70.6 2 2.8e-08 1.3e-09 6.51e-10
71 2 2.48e-08 1.15e-09 5.75e-10
71.4 2 2.2e-08 1.02e-09 5.08e-10
71.8 2 1.96e-08 8.97e-10 4.48e-10
72.2 2 1.74e-08 7.91e-10 3.95e-10
72.6 2 1.54e-08 6.98e-10 3.49e-10
73 2 1.37e-08 6.16e-10 3.08e-10
73.4 2 1.21e-08 5.43e-10 2.72e-10
73.8 2 1.08e-08 4.8e-10 2.4e-10
74.2 2 9.55e-09 4.23e-10 2.12e-10
74.6 2 8.47e-09 3.73e-10 1.87e-10
75 2 7.52e-09 3.3e-10 1.65e-10
75.4 2 6.67e-09 2.91e-10 1.45e-10
75.8 2 5.93e-09 2.57e-10 1.28e-10
76.2 2 5.26e-09 2.27e-10 1.13e-10
76.6 2 4.67e-09 2e-10 1e-10
77 2 4.15e-09 1.77e-10 8.83e-11
77.4 2 3.68e-09 1.56e-10 7.78e-11
77.8 2 3.26e-09 1.37e-10 6.87e-11
78.2 2 2.89e-09 1.21e-10 6.06e-11
78.6 2 2.56e-09 1.07e-10 5.35e-11
79 2 2.27e-09 9.45e-11 4.72e-11
79.4 2 2.02e-09 8.34e-11 4.17e-11
79.8 2 1.8e-09 7.35e-11 3.68e-11
80.2 2 1.6e-09 6.49e-11 3.25e-11
80.6 2 1.42e-09 5.73e-11 2.86e-11
81 2 1.26e-09 5.05e-11 2.53e-11
81.4 2 1.12e-09 4.46e-11 2.23e-11
81.8 2 9.87e-10 3.94e-11 1.97e-11
82.2 2 8.72e-10 3.47e-11 1.74e-11
82.6 2 7.77e-10 3.07e-11 1.53e-11
83 2 6.92e-10 2.7e-11 1.35e-11
83.4 2 6.2e-10 2.39e-11 1.19e-11
83.8 2 5.45e-10 2.11e-11 1.05e-11
84.2 2 4.85e-10 1.86e-11 9.29e-12
84.6 2 4.38e-10 1.64e-11 8.2e-12
85 2 3.9e-10 1.45e-11 7.24e-12
85.4 2 3.48e-10 1.28e-11 6.39e-12
85.8 2 3.1e-10 1.13e-11 5.64e-12
86.2 2 2.73e-10 9.96e-12 4.98e-12
86.6 2 2.43e-10 8.73e-12 4.36e-12
87.1 2 2.15e-10 7.61e-12 3.8e-12
87.5 2 1.9e-10 6.66e-12 3.33e-12
87.9 2 1.73e-10 5.74e-12 2.87e-12
88.5 2 1.57e-10 4.78e-12 2.39e-12
89.3 2 1.44e-10 3.91e-12 1.96e-12
89.7 2 1.33e-10 3.32e-12 1.66e-12
90.1 2 1.33e-10 2.89e-12 1.45e-12
90.7 2 1.24e-10 2.45e-12 1.22e-12
91.3 2 1.17e-10 2.01e-12 1e-12
92 2 1.1e-10 1.61e-12 8.03e-13
92.9 2 1.04e-10 1.27e-12 6.37e-13
93.6 2 1.03e-10 9.56e-13 4.78e-13
94.7 2 9.46e-11 7.21e-13 3.6e-13
95.4 2 9.27e-11 5.6e-13 2.8e-13
95.9 2 9.51e-11 4.54e-13 2.27e-13
96.6 2 9.87e-11 3.81e-13 1.9e-13
97.3 2 9.82e-11 3.1e-13 1.55e-13
97.9 2 1.07e-10 2.54e-13 1.27e-13
98.6 2 1.09e-10 2.12e-13 1.06e-13
99.1 2 1.14e-10 1.74e-13 8.68e-14
99.6 2 1.17e-10 1.55e-13 7.75e-14
