-15 0.0537 0.238 0.0533 1
-14.6 0.0591 0.258 0.0586 1
-14.2 0.0649 0.279 0.0643 1
-13.8 0.0714 0.3 0.0705 1
-13.4 0.0784 0.322 0.0773 1
-13 0.0861 0.344 0.0847 1
-12.6 0.0944 0.368 0.0927 1
-12.2 0.104 0.393 0.101 1
-11.8 0.113 0.419 0.111 1
-11.4 0.124 0.446 0.121 1
-11 0.136 0.475 0.132 1
-10.6 0.148 0.505 0.143 1
-10.2 0.162 0.536 0.156 1
-9.8 0.176 0.569 0.169 1
-9.4 0.192 0.602 0.183 1
-9 0.209 0.637 0.198 1
-8.6 0.227 0.672 0.214 1
-8.2 0.246 0.708 0.231 0.939
-7.8 0.267 0.744 0.249 0.934
-7.4 0.288 0.781 0.267 0.927
-7 0.311 0.819 0.286 0.919
-6.6 0.336 0.859 0.306 0.911
-6.2 0.361 0.899 0.326 0.903
-5.8 0.388 0.939 0.347 0.895
-5.4 0.416 0.977 0.368 0.885
-5 0.446 1.01 0.39 0.874
-4.6 0.477 1.05 0.411 0.862
-4.2 0.508 1.07 0.432 0.85
-3.8 0.541 1.1 0.453 0.836
-3.4 0.576 1.12 0.473 0.822
-3 0.611 1.13 0.495 0.81
-2.6 0.647 1.13 0.51 0.789
4.5 1.34 1.14 0.512 0.381
4.9 1.38 1.13 0.499 0.362
5.3 1.42 1.12 0.478 0.338
5.7 1.45 1.1 0.458 0.316
6.1 1.48 1.08 0.437 0.295
6.5 1.52 1.05 0.416 0.275
6.9 1.55 1.02 0.395 0.255
7.3 1.58 0.986 0.374 0.237
7.7 1.6 0.949 0.353 0.22
8.1 1.63 0.909 0.332 0.203
8.5 1.66 0.869 0.311 0.188
8.9 1.68 0.829 0.291 0.173
9.3 1.71 0.79 0.272 0.159
9.7 1.73 0.753 0.253 0.147
10.1 1.75 0.717 0.235 0.135
10.5 1.77 0.681 0.219 0.124
10.9 1.79 0.646 0.202 0.113
11.3 1.8 0.611 0.187 0.104
11.7 1.82 0.577 0.173 0.0949
12.1 1.83 0.544 0.159 0.0867
12.5 1.85 0.513 0.146 0.0792
12.9 1.86 0.482 0.134 0.0723
13.3 1.87 0.453 0.123 0.0659
13.7 1.88 0.424 0.113 0.0601
14.1 1.89 0.397 0.104 0.0547
14.5 1.9 0.372 0.0948 0.0498
14.9 1.91 0.347 0.0866 0.0453
15.3 1.92 0.324 0.0791 0.0412
15.7 1.93 0.302 0.0721 0.0374
16.1 1.93 0.281 0.0658 0.034
16.5 1.94 0.262 0.0599 0.0309
16.9 1.95 0.243 0.0545 0.028
17.3 1.95 0.226 0.0496 0.0254
17.7 1.95 0.21 0.0451 0.0231
18.1 1.96 0.194 0.041 0.0209
18.5 1.96 0.18 0.0373 0.019
18.9 1.97 0.167 0.0339 0.0172
19.3 1.97 0.154 0.0308 0.0156
19.7 1.97 0.143 0.0279 0.0142
20.1 1.97 0.132 0.0253 0.0128
20.5 1.98 0.122 0.023 0.0116
20.9 1.98 0.112 0.0209 0.0105
21.3 1.98 0.104 0.0189 0.00954
21.7 1.98 0.0958 0.0171 0.00864
22.1 1.98 0.0883 0.0155 0.00782
22.5 1.99 0.0814 0.0141 0.00709
22.9 1.99 0.075 0.0128 0.00643
23.3 1.99 0.069 0.0116 0.00582
23.7 1.99 0.0636 0.0105 0.00527
24.1 1.99 0.0585 0.00949 0.00477
24.5 1.99 0.0538 0.00859 0.00432
24.9 1.99 0.0495 0.00778 0.00391
25.3 1.99 0.0455 0.00705 0.00354
25.7 1.99 0.0418 0.00638 0.0032
26.1 1.99 0.0384 0.00578 0.0029
26.5 2 0.0353 0.00523 0.00262
26.9 2 0.0325 0.00474 0.00237
27.3 2 0.0299 0.00429 0.00215
27.7 2 0.0275 0.00388 0.00194
28.1 2 0.0252 0.00351 0.00176
28.5 2 0.0231 0.00318 0.00159
28.9 2 0.0211 0.00288 0.00144
29.3 2 0.0193 0.00261 0.0013
29.7 2 0.0176 0.00236 0.00118
30.1 2 0.016 0.00213 0.00107
30.5 2 0.0146 0.00193 0.000965
30.9 2 0.0132 0.00177 0.000883
31.3 2 0.012 0.00155 0.000773
32.4 2 0.0108 0.00131 0.000655
32.8 2 0.00977 0.0011 0.000551
33.2 2 0.00881 0.000966 0.000483
33.6 2 0.00794 0.000891 0.000446
34 2 0.00715 0.000806 0.000403
34.4 2 0.00643 0.00073 0.000365
34.8 2 0.00579 0.00066 0.00033
35.2 2 0.00522 0.000597 0.000299
35.6 2 0.00472 0.000541 0.00027
36 2 0.00428 0.000489 0.000245
36.4 2 0.00391 0.000443 0.000221
36.8 2 0.00361 0.000401 0.0002
37.2 2 0.00336 0.000363 0.000181
37.6 2 0.00311 0.000328 0.000164
38 2 0.00284 0.000297 0.000148
38.4 2 0.0026 0.000268 0.000134
38.8 2 0.00238 0.000243 0.000121
39.2 2 0.00217 0.00022 0.00011
39.6 2 0.00199 0.000199 9.95e-05
40 2 0.00181 0.00018 9e-05
40.4 2 0.00166 0.000163 8.15e-05
40.8 2 0.00151 0.000147 7.37e-05
41.2 2 0.00138 0.000133 6.67e-05
41.6 2 0.00126 0.000121 6.04e-05
42 2 0.00115 0.000109 5.47e-05
42.4 2 0.00105 9.88e-05 4.94e-05
42.8 2 0.000963 8.94e-05 4.47e-05
43.2 2 0.00088 8.09e-05 4.04e-05
43.6 2 0.000803 7.32e-05 3.66e-05
44 2 0.000733 6.62e-05 3.31e-05
44.4 2 0.000669 5.99e-05 3e-05
44.8 2 0.000611 5.42e-05 2.71e-05
45.2 2 0.000558 4.91e-05 2.45e-05
45.6 2 0.000509 4.44e-05 2.22e-05
46 2 0.000465 4.02e-05 2.01e-05
46.4 2 0.000424 3.64e-05 1.82e-05
46.8 2 0.000387 3.29e-05 1.65e-05
47.2 2 0.000353 2.98e-05 1.49e-05
47.6 2 0.000322 2.69e-05 1.35e-05
48 2 0.000294 2.44e-05 1.22e-05
48.4 2 0.000268 2.21e-05 1.1e-05
48.8 2 0.000245 2e-05 9.99e-06
49.2 2 0.000223 1.81e-05 9.03e-06
49.6 2 0.000203 1.63e-05 8.17e-06
50 2 0.000186 1.48e-05 7.39e-06
50.4 2 0.000169 1.34e-05 6.69e-06
50.8 2 0.000154 1.21e-05 6.05e-06
51.2 2 0.000141 1.09e-05 5.47e-06
51.6 2 0.000128 9.91e-06 4.95e-06
52 2 0.000117 8.97e-06 4.48e-06
52.4 2 0.000107 8.11e-06 4.06e-06
52.8 2 9.72e-05 7.34e-06 3.67e-06
53.2 2 8.86e-05 6.64e-06 3.32e-06
53.6 2 8.08e-05 6.01e-06 3e-06
54 2 7.36e-05 5.44e-06 2.72e-06
54.4 2 6.71e-05 4.92e-06 2.46e-06
54.8 2 6.12e-05 4.45e-06 2.22e-06
55.2 2 5.58e-05 4.03e-06 2.01e-06
55.6 2 5.08e-05 3.64e-06 1.82e-06
56 2 4.63e-05 3.3e-06 1.65e-06
56.4 2 4.22e-05 2.98e-06 1.49e-06
56.8 2 3.84e-05 2.7e-06 1.35e-06
57.2 2 3.5e-05 2.44e-06 1.22e-06
57.6 2 3.19e-05 2.21e-06 1.11e-06
58 2 2.91e-05 2e-06 1e-06
58.4 2 2.65e-05 1.81e-06 9.05e-07
58.8 2 2.41e-05 1.64e-06 8.19e-07
59.2 2 2.2e-05 1.48e-06 7.42e-07
59.6 2 2e-05 1.34e-06 6.7e-07
60 2 1.82e-05 1.21e-06 6.06e-07
60.4 2 1.66e-05 1.1e-06 5.49e-07
60.8 2 1.51e-05 9.93e-07 4.97e-07
61.2 2 1.38e-05 8.99e-07 4.49e-07
61.6 2 1.25e-05 8.14e-07 4.07e-07
62 2 1.14e-05 7.36e-07 3.68e-07
62.4 2 1.04e-05 6.66e-07 3.33e-07
62.8 2 9.47e-06 6.02e-07 3.01e-07
63.2 2 8.62e-06 5.45e-07 2.73e-07
63.6 2 7.85e-06 4.93e-07 2.47e-07
64 2 7.15e-06 4.46e-07 2.23e-07
64.4 2 6.51e-06 4.04e-07 2.02e-07
64.8 2 5.93e-06 3.65e-07 1.83e-07
65.2 2 5.4e-06 3.31e-07 1.65e-07
65.6 2 4.91e-06 2.99e-07 1.5e-07
66 2 4.47e-06 2.71e-07 1.35e-07
66.4 2 4.07e-06 2.45e-07 1.23e-07
66.8 2 3.7e-06 2.22e-07 1.11e-07
67.2 2 3.37e-06 2.01e-07 1e-07
67.6 2 3.07e-06 1.82e-07 9.08e-08
68 2 2.79e-06 1.64e-07 8.2e-08
68.4 2 2.54e-06 1.48e-07 7.42e-08
68.8 2 2.31e-06 1.34e-07 6.72e-08
69.2 2 2.11e-06 1.22e-07 6.09e-08
69.6 2 1.92e-06 1.1e-07 5.51e-08
70 2 1.74e-06 9.96e-08 4.98e-08
70.4 2 1.59e-06 9.01e-08 4.5e-08
70.8 2 1.44e-06 8.15e-08 4.08e-08
71.2 2 1.31e-06 7.38e-08 3.69e-08
71.6 2 1.19e-06 6.68e-08 3.34e-08
72 2 1.09e-06 6.04e-08 3.02e-08
72.4 2 9.89e-07 5.47e-08 2.73e-08
72.8 2 9e-07 4.95e-08 2.47e-08
73.2 2 8.19e-07 4.47e-08 2.24e-08
73.6 2 7.45e-07 4.05e-08 2.02e-08
74 2 6.78e-07 3.66e-08 1.83e-08
74.4 2 6.16e-07 3.32e-08 1.66e-08
74.8 2 5.61e-07 3e-08 1.5e-08
75.2 2 5.1e-07 2.71e-08 1.36e-08
75.6 2 4.64e-07 2.46e-08 1.23e-08
76 2 4.22e-07 2.22e-08 1.11e-08
76.4 2 3.84e-07 2.01e-08 1.01e-08
76.8 2 3.49e-07 1.82e-08 9.1e-09
77.2 2 3.18e-07 1.65e-08 8.24e-09
77.6 2 2.89e-07 1.49e-08 7.45e-09
78 2 2.63e-07 1.35e-08 6.74e-09
78.4 2 2.39e-07 1.22e-08 6.09e-09
78.8 2 2.17e-07 1.1e-08 5.51e-09
79.2 2 1.98e-07 9.98e-09 4.99e-09
79.6 2 1.8e-07 9.03e-09 4.52e-09
80 2 1.63e-07 8.17e-09 4.09e-09
80.4 2 1.49e-07 7.4e-09 3.7e-09
80.8 2 1.35e-07 6.69e-09 3.35e-09
81.2 2 1.23e-07 6.06e-09 3.03e-09
81.6 2 1.12e-07 5.48e-09 2.74e-09
82 2 1.02e-07 4.96e-09 2.48e-09
82.4 2 9.24e-08 4.49e-09 2.24e-09
82.8 2 8.4e-08 4.06e-09 2.03e-09
83.2 2 7.64e-08 3.67e-09 1.84e-09
83.6 2 6.94e-08 3.32e-09 1.66e-09
84 2 6.31e-08 3.01e-09 1.5e-09
84.4 2 5.74e-08 2.72e-09 1.36e-09
84.8 2 5.22e-08 2.46e-09 1.23e-09
85.2 2 4.74e-08 2.23e-09 1.11e-09
85.6 2 4.31e-08 2.02e-09 1.01e-09
86 2 3.92e-08 1.83e-09 9.13e-10
86.4 2 3.57e-08 1.65e-09 8.25e-10
86.8 2 3.24e-08 1.49e-09 7.47e-10
87.2 2 2.95e-08 1.35e-09 6.76e-10
87.6 2 2.68e-08 1.22e-09 6.11e-10
88 2 2.44e-08 1.11e-09 5.53e-10
88.4 2 2.22e-08 1e-09 5e-10
88.8 2 2.01e-08 9.06e-10 4.53e-10
89.2 2 1.83e-08 8.2e-10 4.1e-10
89.6 2 1.67e-08 7.41e-10 3.71e-10
90 2 1.51e-08 6.71e-10 3.35e-10
90.4 2 1.38e-08 6.07e-10 3.04e-10
90.8 2 1.25e-08 5.49e-10 2.75e-10
91.2 2 1.14e-08 4.97e-10 2.49e-10
91.6 2 1.03e-08 4.5e-10 2.25e-10
92 2 9.4e-09 4.07e-10 2.03e-10
92.4 2 8.54e-09 3.68e-10 1.84e-10
92.8 2 7.77e-09 3.33e-10 1.67e-10
93.2 2 7.07e-09 3.02e-10 1.51e-10
93.6 2 6.43e-09 2.73e-10 1.37e-10
94 2 5.84e-09 2.47e-10 1.23e-10
94.4 2 5.3e-09 2.23e-10 1.12e-10
94.8 2 4.82e-09 2.02e-10 1.01e-10
95.2 2 4.37e-09 1.83e-10 9.14e-11
95.6 2 3.95e-09 1.65e-10 8.27e-11
96 2 3.57e-09 1.5e-10 7.48e-11
96.4 2 3.22e-09 1.35e-10 6.77e-11
96.8 2 2.91e-09 1.23e-10 6.14e-11
97.2 2 2.64e-09 1.11e-10 5.56e-11
97.6 2 2.4e-09 1e-10 5.02e-11
98 2 2.19e-09 9.08e-11 4.54e-11
98.4 2 2.03e-09 8.21e-11 4.11e-11
98.8 2 1.9e-09 7.44e-11 3.72e-11
99.2 2 1.81e-09 6.67e-11 3.33e-11
99.6 2 1.76e-09 6.07e-11 3.04e-11
