-15 0.199 0.632 0.198 1
-14.6 0.209 0.651 0.207 1
-14.2 0.218 0.671 0.216 1
-13.8 0.228 0.69 0.226 1
-13.4 0.239 0.71 0.236 1
-13 0.249 0.729 0.246 1
-12.6 0.26 0.749 0.257 1
-12.2 0.271 0.768 0.268 1
-11.8 0.283 0.788 0.279 1
-11.4 0.295 0.807 0.29 1
-11 0.307 0.826 0.302 1
-10.6 0.319 0.845 0.314 1
-10.2 0.332 0.864 0.326 1
-9.8 0.345 0.883 0.339 1
-9.4 0.358 0.901 0.351 1
-9 0.372 0.92 0.364 1
-8.6 0.386 0.937 0.377 1
-8.2 0.4 0.955 0.39 1
-7.8 0.414 0.972 0.404 1
-7.4 0.429 0.988 0.417 1
-7 0.443 1 0.431 1
-6.6 0.458 1.02 0.444 1
-6.2 0.473 1.03 0.458 1
-5.8 0.488 1.05 0.471 1
-5.4 0.503 1.06 0.485 1
-5 0.519 1.08 0.499 1
-4.6 0.534 1.09 0.512 1
-4.2 0.55 1.1 0.526 1
-3.8 0.565 1.11 0.539 1
-3.4 0.581 1.13 0.552 1
-3 0.597 1.14 0.565 1
-2.6 0.612 1.15 0.578 1
-2.2 0.628 1.15 0.591 1
-1.8 0.643 1.16 0.603 1
-1.4 0.659 1.17 0.615 1
-1 0.674 1.17 0.627 1
-0.6 0.69 1.18 0.638 1
-0.2 0.705 1.18 0.65 1
0.2 0.72 1.18 0.658 1
15.9 1.28 1.18 0.657 0.512
16.3 1.3 1.18 0.648 0.499
16.7 1.31 1.18 0.635 0.484
17.1 1.33 1.17 0.624 0.469
17.5 1.34 1.17 0.612 0.455
17.9 1.36 1.16 0.6 0.441
18.3 1.38 1.15 0.588 0.427
18.7 1.39 1.14 0.575 0.413
19.1 1.41 1.13 0.562 0.399
19.5 1.42 1.12 0.549 0.386
19.9 1.44 1.11 0.536 0.372
20.3 1.45 1.1 0.522 0.359
20.7 1.47 1.09 0.509 0.346
21.1 1.49 1.07 0.495 0.333
21.5 1.5 1.06 0.482 0.321
21.9 1.52 1.05 0.468 0.309
22.3 1.53 1.03 0.454 0.297
22.7 1.55 1.02 0.441 0.285
23.1 1.56 1 0.427 0.274
23.5 1.57 0.984 0.414 0.263
23.9 1.59 0.967 0.4 0.252
24.3 1.6 0.95 0.387 0.241
24.7 1.62 0.933 0.374 0.231
25.1 1.63 0.915 0.361 0.221
25.5 1.64 0.897 0.348 0.212
25.9 1.66 0.878 0.336 0.202
26.3 1.67 0.86 0.323 0.193
26.7 1.68 0.841 0.311 0.185
27.1 1.7 0.822 0.299 0.176
27.5 1.71 0.802 0.287 0.168
27.9 1.72 0.783 0.276 0.161
28.3 1.73 0.763 0.265 0.153
28.7 1.74 0.744 0.254 0.146
29.1 1.75 0.724 0.244 0.139
29.5 1.76 0.704 0.233 0.132
29.9 1.77 0.685 0.223 0.126
30.3 1.78 0.665 0.214 0.12
30.7 1.79 0.646 0.204 0.114
31.1 1.8 0.627 0.195 0.108
31.5 1.81 0.608 0.187 0.103
31.9 1.82 0.589 0.178 0.0979
32.3 1.83 0.571 0.17 0.0929
32.7 1.84 0.552 0.162 0.0883
33.1 1.84 0.535 0.155 0.0839
33.5 1.85 0.517 0.147 0.0796
33.9 1.86 0.499 0.14 0.0755
34.3 1.87 0.482 0.134 0.0716
34.7 1.87 0.466 0.127 0.068
35.1 1.88 0.449 0.121 0.0645
35.5 1.88 0.433 0.115 0.0612
35.9 1.89 0.418 0.11 0.0579
36.3 1.9 0.403 0.104 0.0549
36.7 1.9 0.388 0.0989 0.052
37.1 1.91 0.373 0.094 0.0493
37.5 1.91 0.359 0.0893 0.0467
37.9 1.92 0.346 0.0847 0.0442
38.3 1.92 0.332 0.0804 0.0419
38.7 1.92 0.319 0.0763 0.0397
39.1 1.93 0.307 0.0724 0.0376
39.5 1.93 0.295 0.0687 0.0356
39.9 1.93 0.283 0.0651 0.0337
40.3 1.94 0.272 0.0617 0.0319
40.7 1.94 0.261 0.0585 0.0301
41.1 1.94 0.25 0.0555 0.0285
41.5 1.95 0.24 0.0526 0.027
41.9 1.95 0.23 0.0498 0.0255
42.3 1.95 0.221 0.0472 0.0242
42.7 1.96 0.211 0.0447 0.0229
43.1 1.96 0.202 0.0423 0.0216
43.5 1.96 0.194 0.04 0.0204
43.9 1.96 0.186 0.0379 0.0193
44.3 1.96 0.178 0.0359 0.0183
44.7 1.97 0.17 0.034 0.0173
45.1 1.97 0.163 0.0321 0.0163
45.5 1.97 0.156 0.0304 0.0154
45.9 1.97 0.149 0.0288 0.0146
46.3 1.97 0.142 0.0272 0.0138
46.7 1.97 0.136 0.0258 0.013
47.1 1.98 0.13 0.0244 0.0123
47.5 1.98 0.124 0.023 0.0117
47.9 1.98 0.119 0.0218 0.011
48.3 1.98 0.114 0.0206 0.0104
48.7 1.98 0.108 0.0195 0.00984
49.1 1.98 0.104 0.0184 0.0093
49.5 1.98 0.0989 0.0174 0.00879
49.9 1.98 0.0944 0.0165 0.0083
50.3 1.99 0.0902 0.0156 0.00784
50.7 1.99 0.086 0.0147 0.00741
51.1 1.99 0.0821 0.0139 0.00699
51.5 1.99 0.0784 0.0131 0.00661
51.9 1.99 0.0748 0.0124 0.00625
52.3 1.99 0.0713 0.0117 0.00591
52.7 1.99 0.0681 0.0111 0.00558
53.1 1.99 0.0649 0.0105 0.00527
53.5 1.99 0.0619 0.00991 0.00498
53.9 1.99 0.059 0.00937 0.00471
54.3 1.99 0.0563 0.00885 0.00445
54.7 1.99 0.0537 0.00837 0.00421
55.1 1.99 0.0512 0.00791 0.00397
55.5 1.99 0.0488 0.00747 0.00376
55.9 1.99 0.0465 0.00706 0.00355
56.3 1.99 0.0443 0.00667 0.00335
56.7 1.99 0.0422 0.0063 0.00316
57.1 1.99 0.0402 0.00595 0.00299
57.5 1.99 0.0383 0.00563 0.00282
57.9 1.99 0.0365 0.00532 0.00267
58.3 1.99 0.0348 0.00502 0.00252
58.7 2 0.0331 0.00474 0.00238
59.1 2 0.0315 0.00448 0.00224
59.5 2 0.03 0.00423 0.00212
59.9 2 0.0286 0.004 0.002
60.3 2 0.0272 0.00378 0.00189
60.7 2 0.0259 0.00357 0.00178
61.1 2 0.0247 0.00337 0.00169
61.5 2 0.0235 0.00318 0.00159
61.9 2 0.0224 0.00301 0.0015
62.3 2 0.0213 0.00284 0.00142
62.7 2 0.0203 0.00268 0.00134
63.1 2 0.0193 0.00254 0.00127
63.5 2 0.0184 0.0024 0.0012
63.9 2 0.0175 0.00226 0.00113
64.3 2 0.0166 0.00214 0.00107
64.7 2 0.0158 0.00202 0.00101
65.1 2 0.015 0.00191 0.000954
65.5 2 0.0143 0.0018 0.000901
65.9 2 0.0136 0.0017 0.000851
66.3 2 0.013 0.00161 0.000804
66.7 2 0.0123 0.00152 0.000758
67.1 2 0.0117 0.00143 0.000717
67.5 2 0.0111 0.00135 0.000677
67.9 2 0.0106 0.00128 0.00064
68.3 2 0.0101 0.00121 0.000604
68.7 2 0.00959 0.00114 0.00057
69.1 2 0.00912 0.00108 0.000538
69.5 2 0.00867 0.00102 0.000509
69.9 2 0.00824 0.000961 0.000481
70.3 2 0.00784 0.000908 0.000454
70.7 2 0.00745 0.000858 0.000429
71.1 2 0.00709 0.00081 0.000405
71.5 2 0.00674 0.000765 0.000383
71.9 2 0.0064 0.000723 0.000361
72.3 2 0.00609 0.000683 0.000341
72.7 2 0.00579 0.000645 0.000322
73.1 2 0.0055 0.000609 0.000305
73.5 2 0.00523 0.000575 0.000288
73.9 2 0.00497 0.000543 0.000272
74.3 2 0.00472 0.000513 0.000257
74.7 2 0.00449 0.000485 0.000242
75.1 2 0.00426 0.000458 0.000229
75.5 2 0.00405 0.000432 0.000216
75.9 2 0.00385 0.000408 0.000204
76.3 2 0.00366 0.000386 0.000193
76.7 2 0.00348 0.000364 0.000182
77.1 2 0.0033 0.000344 0.000172
77.5 2 0.00314 0.000325 0.000162
77.9 2 0.00298 0.000307 0.000153
78.3 2 0.00283 0.00029 0.000145
78.7 2 0.00269 0.000274 0.000137
79.1 2 0.00256 0.000259 0.000129
79.5 2 0.00243 0.000244 0.000122
79.9 2 0.00231 0.000231 0.000115
80.3 2 0.00219 0.000218 0.000109
80.7 2 0.00208 0.000206 0.000103
81.1 2 0.00198 0.000194 9.72e-05
81.5 2 0.00188 0.000184 9.18e-05
81.9 2 0.00178 0.000173 8.67e-05
82.3 2 0.00169 0.000164 8.18e-05
82.7 2 0.00161 0.000155 7.73e-05
83.1 2 0.00153 0.000146 7.3e-05
83.5 2 0.00145 0.000138 6.89e-05
83.9 2 0.00138 0.00013 6.51e-05
84.3 2 0.00131 0.000123 6.15e-05
84.7 2 0.00124 0.000116 5.81e-05
85.1 2 0.00118 0.00011 5.49e-05
85.5 2 0.00112 0.000104 5.18e-05
85.9 2 0.00106 9.79e-05 4.9e-05
86.3 2 0.00101 9.24e-05 4.62e-05
86.7 2 0.000958 8.73e-05 4.36e-05
87.1 2 0.00091 8.25e-05 4.12e-05
87.5 2 0.000863 7.79e-05 3.89e-05
87.9 2 0.00082 7.36e-05 3.68e-05
88.3 2 0.000778 6.95e-05 3.47e-05
88.7 2 0.000739 6.56e-05 3.28e-05
89.1 2 0.000701 6.2e-05 3.1e-05
89.5 2 0.000666 5.85e-05 2.93e-05
89.9 2 0.000632 5.53e-05 2.76e-05
90.3 2 0.0006 5.22e-05 2.61e-05
90.7 2 0.000569 4.93e-05 2.47e-05
91.1 2 0.00054 4.66e-05 2.33e-05
91.5 2 0.000513 4.4e-05 2.2e-05
91.9 2 0.000487 4.15e-05 2.08e-05
92.3 2 0.000462 3.92e-05 1.96e-05
92.7 2 0.000438 3.71e-05 1.85e-05
93.1 2 0.000416 3.5e-05 1.75e-05
93.5 2 0.000395 3.31e-05 1.65e-05
93.9 2 0.000375 3.12e-05 1.56e-05
94.3 2 0.000355 2.95e-05 1.47e-05
94.7 2 0.000337 2.79e-05 1.39e-05
95.1 2 0.00032 2.63e-05 1.32e-05
95.5 2 0.000303 2.48e-05 1.24e-05
95.9 2 0.000286 2.35e-05 1.17e-05
96.3 2 0.00027 2.21e-05 1.11e-05
96.7 2 0.000254 2.09e-05 1.05e-05
97.1 2 0.00024 1.97e-05 9.87e-06
97.5 2 0.000228 1.87e-05 9.33e-06
97.9 2 0.000217 1.76e-05 8.82e-06
98.3 2 0.000208 1.67e-05 8.33e-06
98.7 2 0.000201 1.57e-05 7.87e-06
99.1 2 0.000195 1.48e-05 7.4e-06
99.5 2 0.000192 1.39e-05 6.96e-06
99.9 2 0.000191 1.36e-05 6.79e-06
