-15 0.287 0.803 0.279 1
-14.6 0.296 0.819 0.288 1
-14.2 0.306 0.834 0.297 1
-13.8 0.316 0.85 0.306 1
-13.4 0.326 0.866 0.315 1
-13 0.336 0.881 0.325 1
-12.6 0.347 0.896 0.334 1
-12.2 0.358 0.912 0.344 1
-11.8 0.368 0.927 0.354 1
-11.4 0.379 0.942 0.364 1
-11 0.391 0.957 0.374 1
-10.6 0.402 0.971 0.384 1
-10.2 0.414 0.985 0.394 1
-9.8 0.425 0.999 0.404 1
-9.4 0.437 1.01 0.415 1
-9 0.449 1.03 0.425 1
-8.6 0.461 1.04 0.435 1
-8.2 0.473 1.05 0.446 1
-7.8 0.486 1.07 0.456 1
-7.4 0.498 1.08 0.466 1
-7 0.511 1.09 0.477 1
-6.6 0.523 1.1 0.487 1
-6.2 0.536 1.12 0.497 1
-5.8 0.549 1.13 0.507 1
-5.4 0.562 1.14 0.517 1
-5 0.575 1.15 0.527 1
-4.6 0.588 1.16 0.537 1
-4.2 0.601 1.16 0.547 1
-3.8 0.614 1.17 0.557 1
-3.4 0.627 1.17 0.567 1
-3 0.64 1.18 0.576 1
18.7 1.35 1.18 0.579 0.429
19.1 1.36 1.18 0.574 0.421
19.5 1.38 1.17 0.564 0.41
19.9 1.39 1.17 0.554 0.399
20.3 1.4 1.16 0.545 0.388
20.7 1.42 1.15 0.535 0.378
21.1 1.43 1.15 0.525 0.367
21.5 1.44 1.14 0.515 0.357
21.9 1.45 1.12 0.505 0.347
22.3 1.47 1.11 0.495 0.337
22.7 1.48 1.1 0.484 0.327
23.1 1.49 1.09 0.474 0.318
23.5 1.5 1.07 0.464 0.308
23.9 1.52 1.06 0.453 0.299
24.3 1.53 1.05 0.443 0.29
24.7 1.54 1.04 0.433 0.281
25.1 1.55 1.02 0.422 0.272
25.5 1.57 1.01 0.412 0.263
25.9 1.58 0.996 0.402 0.255
26.3 1.59 0.982 0.392 0.246
26.7 1.6 0.967 0.381 0.238
27.1 1.61 0.953 0.371 0.23
27.5 1.62 0.938 0.361 0.223
27.9 1.63 0.923 0.351 0.215
28.3 1.65 0.908 0.342 0.208
28.7 1.66 0.893 0.332 0.2
29.1 1.67 0.877 0.322 0.194
29.5 1.68 0.862 0.313 0.187
29.9 1.69 0.846 0.304 0.18
30.3 1.7 0.83 0.295 0.174
30.7 1.71 0.815 0.286 0.167
31.1 1.72 0.799 0.277 0.161
31.5 1.72 0.783 0.268 0.155
31.9 1.73 0.767 0.259 0.15
32.3 1.74 0.751 0.251 0.144
32.7 1.75 0.735 0.243 0.139
33.1 1.76 0.719 0.235 0.134
33.5 1.77 0.704 0.227 0.128
33.9 1.78 0.688 0.22 0.124
34.3 1.78 0.672 0.212 0.119
34.7 1.79 0.657 0.205 0.114
35.1 1.8 0.641 0.198 0.11
35.5 1.81 0.626 0.191 0.106
35.9 1.81 0.611 0.184 0.102
36.3 1.82 0.596 0.178 0.0977
36.7 1.83 0.581 0.171 0.0938
37.1 1.83 0.566 0.165 0.0902
37.5 1.84 0.552 0.159 0.0866
37.9 1.84 0.538 0.153 0.0831
38.3 1.85 0.524 0.148 0.0798
38.7 1.86 0.51 0.142 0.0766
39.1 1.86 0.496 0.137 0.0735
39.5 1.87 0.483 0.132 0.0705
39.9 1.87 0.469 0.127 0.0677
40.3 1.88 0.456 0.122 0.065
40.7 1.88 0.444 0.117 0.0624
41.1 1.89 0.431 0.113 0.0598
41.5 1.89 0.419 0.108 0.0573
41.9 1.89 0.407 0.104 0.0549
42.3 1.9 0.395 0.1 0.0527
42.7 1.9 0.383 0.0962 0.0506
43.1 1.91 0.372 0.0925 0.0485
43.5 1.91 0.361 0.0888 0.0465
43.9 1.91 0.35 0.0853 0.0446
44.3 1.92 0.34 0.0819 0.0427
44.7 1.92 0.329 0.0786 0.0409
45.1 1.92 0.319 0.0754 0.0392
45.5 1.93 0.309 0.0724 0.0376
45.9 1.93 0.3 0.0695 0.036
46.3 1.93 0.291 0.0667 0.0345
46.7 1.94 0.281 0.064 0.033
47.1 1.94 0.273 0.0614 0.0317
47.5 1.94 0.264 0.0589 0.0303
47.9 1.94 0.255 0.0565 0.0291
48.3 1.95 0.247 0.0541 0.0278
48.7 1.95 0.239 0.0519 0.0267
49.1 1.95 0.232 0.0498 0.0255
49.5 1.95 0.224 0.0477 0.0244
49.9 1.95 0.217 0.0457 0.0234
50.3 1.96 0.209 0.0438 0.0224
50.7 1.96 0.203 0.042 0.0215
51.1 1.96 0.196 0.0403 0.0205
51.5 1.96 0.189 0.0386 0.0197
51.9 1.96 0.183 0.037 0.0188
52.3 1.96 0.177 0.0354 0.018
52.7 1.97 0.171 0.0339 0.0173
53.1 1.97 0.165 0.0325 0.0165
53.5 1.97 0.16 0.0311 0.0158
53.9 1.97 0.154 0.0298 0.0151
54.3 1.97 0.149 0.0286 0.0145
54.7 1.97 0.144 0.0274 0.0139
55.1 1.97 0.139 0.0262 0.0133
55.5 1.97 0.134 0.0251 0.0127
55.9 1.98 0.129 0.024 0.0122
56.3 1.98 0.125 0.023 0.0116
56.7 1.98 0.121 0.022 0.0111
57.1 1.98 0.116 0.0211 0.0107
57.5 1.98 0.112 0.0202 0.0102
57.9 1.98 0.108 0.0193 0.00976
58.3 1.98 0.104 0.0185 0.00934
58.7 1.98 0.101 0.0177 0.00893
59.1 1.98 0.0972 0.017 0.00855
59.5 1.98 0.0938 0.0162 0.00818
59.9 1.98 0.0905 0.0155 0.00783
60.3 1.99 0.0872 0.0149 0.00749
60.7 1.99 0.0841 0.0142 0.00717
61.1 1.99 0.0811 0.0136 0.00686
61.5 1.99 0.0782 0.013 0.00656
61.9 1.99 0.0755 0.0125 0.00628
62.3 1.99 0.0727 0.012 0.00601
62.7 1.99 0.0701 0.0114 0.00575
63.1 1.99 0.0675 0.0109 0.0055
63.5 1.99 0.0651 0.0105 0.00526
63.9 1.99 0.0627 0.01 0.00503
64.3 1.99 0.0605 0.00959 0.00482
64.7 1.99 0.0583 0.00918 0.00461
65.1 1.99 0.0561 0.00879 0.00441
65.5 1.99 0.0541 0.00841 0.00423
65.9 1.99 0.0521 0.00804 0.00404
66.3 1.99 0.0502 0.0077 0.00387
66.7 1.99 0.0484 0.00737 0.0037
67.1 1.99 0.0466 0.00705 0.00354
67.5 1.99 0.0449 0.00674 0.00339
67.9 1.99 0.0432 0.00645 0.00324
68.3 1.99 0.0416 0.00617 0.0031
68.7 1.99 0.0401 0.00591 0.00297
69.1 1.99 0.0386 0.00565 0.00284
69.5 1.99 0.0372 0.00541 0.00271
69.9 1.99 0.0358 0.00517 0.00259
70.3 2 0.0345 0.00495 0.00248
70.7 2 0.0332 0.00474 0.00237
71.1 2 0.032 0.00453 0.00227
71.5 2 0.0308 0.00433 0.00217
71.9 2 0.0296 0.00415 0.00208
72.3 2 0.0285 0.00397 0.00198
72.7 2 0.0274 0.00379 0.0019
73.1 2 0.0264 0.00363 0.00181
73.5 2 0.0254 0.00347 0.00174
73.9 2 0.0245 0.00332 0.00166
74.3 2 0.0236 0.00318 0.00159
74.7 2 0.0227 0.00304 0.00152
75.1 2 0.0218 0.00291 0.00146
75.5 2 0.021 0.00278 0.00139
75.9 2 0.0202 0.00266 0.00133
76.3 2 0.0194 0.00255 0.00127
76.7 2 0.0187 0.00244 0.00122
77.1 2 0.018 0.00233 0.00117
77.5 2 0.0173 0.00223 0.00112
77.9 2 0.0167 0.00213 0.00107
78.3 2 0.016 0.00204 0.00102
78.7 2 0.0154 0.00195 0.000976
79.1 2 0.0148 0.00187 0.000935
79.5 2 0.0143 0.00179 0.000894
79.9 2 0.0137 0.00171 0.000855
80.3 2 0.0132 0.00164 0.000818
80.7 2 0.0127 0.00156 0.000782
81.1 2 0.0122 0.0015 0.000748
81.5 2 0.0117 0.00143 0.000716
81.9 2 0.0113 0.00137 0.000684
82.3 2 0.0109 0.00131 0.000655
82.7 2 0.0104 0.00125 0.000627
83.1 2 0.01 0.0012 0.0006
83.5 2 0.00966 0.00115 0.000573
83.9 2 0.00929 0.0011 0.000548
84.3 2 0.00893 0.00105 0.000524
84.7 2 0.00859 0.001 0.000502
85.1 2 0.00826 0.00096 0.00048
85.5 2 0.00794 0.000918 0.000459
85.9 2 0.00763 0.000878 0.000439
86.3 2 0.00734 0.00084 0.00042
86.7 2 0.00706 0.000804 0.000402
87.1 2 0.00678 0.000769 0.000384
87.5 2 0.00652 0.000735 0.000368
87.9 2 0.00627 0.000703 0.000352
88.3 2 0.00603 0.000673 0.000336
88.7 2 0.0058 0.000644 0.000322
89.1 2 0.00557 0.000616 0.000308
89.5 2 0.00535 0.000589 0.000295
89.9 2 0.00515 0.000563 0.000282
90.3 2 0.00495 0.000539 0.000269
90.7 2 0.00476 0.000515 0.000258
91.1 2 0.00457 0.000493 0.000247
91.5 2 0.00439 0.000472 0.000236
91.9 2 0.00422 0.000451 0.000226
92.3 2 0.00406 0.000431 0.000216
92.7 2 0.0039 0.000413 0.000206
93.1 2 0.00375 0.000395 0.000197
93.5 2 0.0036 0.000378 0.000189
93.9 2 0.00346 0.000361 0.000181
94.3 2 0.00333 0.000346 0.000173
94.7 2 0.0032 0.000331 0.000165
95.1 2 0.00307 0.000316 0.000158
95.5 2 0.00294 0.000302 0.000151
95.9 2 0.00281 0.000289 0.000145
96.3 2 0.00269 0.000277 0.000138
96.7 2 0.00257 0.000265 0.000132
97.1 2 0.00247 0.000253 0.000127
97.5 2 0.00237 0.000242 0.000121
97.9 2 0.00228 0.000232 0.000116
98.3 2 0.00221 0.000222 0.000111
98.7 2 0.00215 0.000212 0.000106
99.1 2 0.00211 0.000202 0.000101
99.5 2 0.00209 0.000193 9.67e-05
99.9 2 0.00208 0.00019 9.49e-05
