-15 0.0371 0.178 1 0.0103 3.43
-14.6 0.0413 0.196 1 0.0212 6.46
-14.2 0.0459 0.214 1 0.0228 5.8
-13.8 0.0511 0.232 1 0.0242 5.19
-13.4 0.0567 0.251 1 0.0258 4.62
-13 0.063 0.271 1 0.0276 4.16
-12.6 0.0699 0.292 1 0.0293 3.71
-12.2 0.0775 0.315 1 0.0312 3.33
-11.8 0.0859 0.339 1 0.033 2.97
-11.4 0.095 0.364 1 0.0349 2.65
-11 0.105 0.391 1 0.0371 2.38
-10.6 0.116 0.42 1 0.0393 2.14
-10.2 0.128 0.45 1 0.0413 1.91
-9.8 0.141 0.481 1 0.0432 1.7
-9.4 0.155 0.514 1 0.045 1.51
-9 0.17 0.547 1 0.0466 1.34
-8.6 0.186 0.582 1 0.0496 1.23
-8.2 0.204 0.618 1 0.0524 1.12
-7.8 0.223 0.654 1 0.0536 0.983
-7.4 0.243 0.691 1 0.0547 0.871
-7 0.264 0.728 1 0.0571 0.789
-6.6 0.287 0.765 1 0.0581 0.703
-6.2 0.31 0.803 1 0.0603 0.635
-5.8 0.336 0.84 0.956 0.0624 0.579
-5.4 0.362 0.879 0.95 0.0631 0.515
-5 0.39 0.917 0.945 0.0639 0.463
-4.6 0.418 0.955 0.939 0.0646 0.415
-4.2 0.448 0.991 0.932 0.0664 0.381
-3.8 0.479 1.02 0.924 0.0671 0.344
-3.4 0.511 1.06 0.915 0.0678 0.312
-3 0.544 1.08 0.905 0.0684 0.284
-2.6 0.578 1.11 0.894 0.068 0.255
-2.2 0.612 1.13 0.882 0.0677 0.231
-1.8 0.647 1.14 0.869 0.0684 0.212
-1.4 0.683 1.15 0.856 0.0681 0.193
-1 0.719 1.15 0.827 0.0651 0.141
5.3 1.31 1.15 0.45 0.0541 0.0712
5.7 1.34 1.14 0.423 0.0528 0.0484
6.1 1.38 1.13 0.395 0.0525 0.0463
6.5 1.41 1.11 0.369 0.052 0.0437
6.9 1.45 1.09 0.344 0.0516 0.0419
7.3 1.48 1.06 0.32 0.0439 0.0343
7.7 1.51 1.03 0.297 0.0436 0.0329
8.1 1.54 1 0.274 0.0433 0.0316
8.5 1.57 0.964 0.253 0.043 0.0304
8.9 1.6 0.927 0.233 0.0428 0.0293
9.3 1.63 0.888 0.215 0.0425 0.0282
9.7 1.66 0.85 0.197 0.0352 0.0228
10.1 1.68 0.812 0.18 0.035 0.022
10.5 1.71 0.775 0.165 0.0349 0.0215
10.9 1.73 0.737 0.151 0.0278 0.0167
11.3 1.75 0.7 0.137 0.0277 0.0163
11.7 1.77 0.663 0.125 0.0276 0.016
12.1 1.79 0.627 0.113 0.0275 0.0156
12.5 1.81 0.591 0.103 0.0274 0.0153
12.9 1.83 0.556 0.0934 0.0205 0.0113
13.3 1.84 0.522 0.0845 0.0204 0.011
13.7 1.86 0.489 0.0764 0.0203 0.0109
14.1 1.87 0.457 0.0691 0.0135 0.00715
14.5 1.88 0.427 0.0623 0.0135 0.00707
14.9 1.89 0.398 0.0563 0.0135 0.007
15.3 1.9 0.37 0.0508 0.0135 0.00693
15.7 1.91 0.344 0.0457 0.0134 0.00685
16.1 1.92 0.319 0.0412 0.0134 0.00678
16.5 1.93 0.295 0.0371 0.0134 0.00671
16.9 1.94 0.273 0.0333 0.00669 0.00334
17.3 1.94 0.252 0.03 0.00668 0.0033
17.7 1.95 0.233 0.0269 0.00668 0.0033
18.1 1.95 0.214 0.0242 0.00666 0.00327
18.5 1.96 0.197 0.0217 0.00666 0.00327
18.9 1.96 0.182 0.0195 0.00665 0.00324
19.3 1.97 0.167 0.0175 0.00665 0.00324
19.7 1.97 0.153 0.0157 0 0
20.1 1.97 0.14 0.0141 0.00664 0.0032
20.5 1.98 0.129 0.0126 0.00664 0.0032
20.9 1.98 0.118 0.0113 0 0
21.3 1.98 0.108 0.0101 0 0
21.7 1.98 0.0987 0.00908 0 0
22.1 1.98 0.0902 0.00813 0.00663 0.00317
22.5 1.99 0.0824 0.00729 0.00663 0.00317
22.9 1.99 0.0753 0.00653 0 0
23.3 1.99 0.0687 0.00584 0 0
23.7 1.99 0.0627 0.00523 0 0
24.1 1.99 0.0572 0.00469 0 0
24.5 1.99 0.0521 0.0042 0 0
24.9 1.99 0.0475 0.00376 0 0
25.3 1.99 0.0434 0.00337 0 0
25.7 1.99 0.0397 0.00301 0.00662 0.00314
26.1 2 0.0362 0.0027 0.00662 0.00314
26.5 2 0.0329 0.00241 0 0
26.9 2 0.0298 0.00216 0 0
27.3 2 0.027 0.00193 0 0
27.7 2 0.0243 0.00173 0 0
28.1 2 0.0219 0.00155 0 0
28.5 2 0.0196 0.00139 0 0
28.9 2 0.0175 0.00124 0 0
29.3 2 0.0156 0.00113 0 0
29.7 2 0.0138 0.00095 0 0
31.5 2 0.0122 0.000738 0 0
31.9 2 0.0107 0.000557 0 0
32.3 2 0.00938 0.000459 0 0
32.7 2 0.00819 0.000432 0 0
33.1 2 0.00713 0.000387 0 0
33.5 2 0.00619 0.000346 0 0
33.9 2 0.00538 0.00031 0 0
34.3 2 0.00469 0.000277 0 0
34.7 2 0.00411 0.000248 0 0
35.1 2 0.00365 0.000222 0 0
35.5 2 0.00329 0.000199 0 0
35.9 2 0.00304 0.000178 0 0
36.3 2 0.0029 0.000159 0 0
36.7 2 0.00272 0.000142 0 0
37.1 2 0.00247 0.000127 0 0
37.5 2 0.00223 0.000114 0 0
37.9 2 0.00202 0.000102 0 0
38.3 2 0.00183 9.14e-05 0 0
38.7 2 0.00165 8.17e-05 0 0
39.1 2 0.00149 7.31e-05 0 0
39.5 2 0.00135 6.54e-05 0 0
39.9 2 0.00122 5.86e-05 0 0
40.3 2 0.00111 5.24e-05 0 0
40.7 2 0.000999 4.69e-05 0 0
41.1 2 0.000903 4.2e-05 0 0
41.5 2 0.000816 3.76e-05 0 0
41.9 2 0.000738 3.36e-05 0 0
42.3 2 0.000667 3.01e-05 0 0
42.7 2 0.000602 2.69e-05 0 0
43.1 2 0.000544 2.41e-05 0 0
43.5 2 0.000492 2.16e-05 0 0
43.9 2 0.000444 1.93e-05 0 0
44.3 2 0.000402 1.73e-05 0 0
44.7 2 0.000363 1.54e-05 0 0
45.1 2 0.000328 1.38e-05 0 0
45.5 2 0.000296 1.24e-05 0 0
45.9 2 0.000267 1.11e-05 0 0
46.3 2 0.000241 9.9e-06 0 0
46.7 2 0.000218 8.86e-06 0 0
47.1 2 0.000197 7.93e-06 0 0
47.5 2 0.000178 7.1e-06 0 0
47.9 2 0.00016 6.35e-06 0 0
48.3 2 0.000145 5.69e-06 0 0
48.7 2 0.000131 5.09e-06 0 0
49.1 2 0.000118 4.55e-06 0 0
49.5 2 0.000106 4.07e-06 0 0
49.9 2 9.59e-05 3.64e-06 0 0
50.3 2 8.66e-05 3.26e-06 0 0
50.7 2 7.81e-05 2.92e-06 0 0
51.1 2 7.04e-05 2.61e-06 0 0
51.5 2 6.35e-05 2.34e-06 0 0
51.9 2 5.73e-05 2.09e-06 0 0
52.3 2 5.17e-05 1.87e-06 0 0
52.7 2 4.66e-05 1.67e-06 0 0
53.1 2 4.21e-05 1.5e-06 0 0
53.5 2 3.79e-05 1.34e-06 0 0
53.9 2 3.42e-05 1.2e-06 0 0
54.3 2 3.08e-05 1.07e-06 0 0
54.7 2 2.78e-05 9.61e-07 0 0
55.1 2 2.51e-05 8.6e-07 0 0
55.5 2 2.26e-05 7.7e-07 0 0
55.9 2 2.04e-05 6.88e-07 0 0
56.3 2 1.84e-05 6.15e-07 0 0
56.7 2 1.66e-05 5.5e-07 0 0
57.1 2 1.49e-05 4.92e-07 0 0
57.5 2 1.35e-05 4.41e-07 0 0
57.9 2 1.21e-05 3.95e-07 0 0
58.3 2 1.09e-05 3.53e-07 0 0
58.7 2 9.85e-06 3.16e-07 0 0
59.1 2 8.87e-06 2.83e-07 0 0
59.5 2 8e-06 2.53e-07 0 0
59.9 2 7.2e-06 2.26e-07 0 0
60.3 2 6.49e-06 2.03e-07 0 0
60.7 2 5.85e-06 1.81e-07 0 0
61.1 2 5.27e-06 1.62e-07 0 0
61.5 2 4.75e-06 1.45e-07 0 0
61.9 2 4.27e-06 1.3e-07 0 0
62.3 2 3.85e-06 1.16e-07 0 0
62.7 2 3.47e-06 1.04e-07 0 0
63.1 2 3.13e-06 9.3e-08 0 0
63.5 2 2.81e-06 8.33e-08 0 0
63.9 2 2.53e-06 7.45e-08 0 0
64.3 2 2.28e-06 6.67e-08 0 0
64.7 2 2.06e-06 5.97e-08 0 0
65.1 2 1.85e-06 5.34e-08 0 0
65.5 2 1.67e-06 4.78e-08 0 0
65.9 2 1.5e-06 4.28e-08 0 0
66.3 2 1.35e-06 3.83e-08 0 0
66.7 2 1.22e-06 3.42e-08 0 0
67.1 2 1.1e-06 3.07e-08 0 0
67.5 2 9.86e-07 2.74e-08 0 0
67.9 2 8.88e-07 2.45e-08 0 0
68.3 2 8e-07 2.2e-08 0 0
68.7 2 7.2e-07 1.97e-08 0 0
69.1 2 6.48e-07 1.76e-08 0 0
69.5 2 5.84e-07 1.57e-08 0 0
69.9 2 5.25e-07 1.41e-08 0 0
70.3 2 4.73e-07 1.26e-08 0 0
70.7 2 4.25e-07 1.13e-08 0 0
71.1 2 3.83e-07 1.01e-08 0 0
71.5 2 3.45e-07 9.03e-09 0 0
71.9 2 3.1e-07 8.09e-09 0 0
72.3 2 2.79e-07 7.23e-09 0 0
72.7 2 2.51e-07 6.47e-09 0 0
73.1 2 2.26e-07 5.8e-09 0 0
73.5 2 2.03e-07 5.19e-09 0 0
73.9 2 1.83e-07 4.64e-09 0 0
74.3 2 1.64e-07 4.15e-09 0 0
74.7 2 1.48e-07 3.71e-09 0 0
75.1 2 1.33e-07 3.32e-09 0 0
75.5 2 1.2e-07 2.97e-09 0 0
75.9 2 1.08e-07 2.66e-09 0 0
76.3 2 9.69e-08 2.38e-09 0 0
76.7 2 8.72e-08 2.13e-09 0 0
77.1 2 7.85e-08 1.91e-09 0 0
77.5 2 7.06e-08 1.71e-09 0 0
77.9 2 6.35e-08 1.53e-09 0 0
78.3 2 5.71e-08 1.37e-09 0 0
78.7 2 5.13e-08 1.22e-09 0 0
79.1 2 4.62e-08 1.09e-09 0 0
79.5 2 4.15e-08 9.79e-10 0 0
79.9 2 3.73e-08 8.75e-10 0 0
80.3 2 3.36e-08 7.83e-10 0 0
80.7 2 3.02e-08 7.01e-10 0 0
81.1 2 2.71e-08 6.26e-10 0 0
81.5 2 2.44e-08 5.61e-10 0 0
81.9 2 2.19e-08 5.01e-10 0 0
82.3 2 1.97e-08 4.49e-10 0 0
82.7 2 1.77e-08 4.02e-10 0 0
83.1 2 1.59e-08 3.6e-10 0 0
83.5 2 1.43e-08 3.22e-10 0 0
83.9 2 1.28e-08 2.88e-10 0 0
84.3 2 1.15e-08 2.58e-10 0 0
84.7 2 1.03e-08 2.31e-10 0 0
85.1 2 9.29e-09 2.07e-10 0 0
85.5 2 8.34e-09 1.85e-10 0 0
85.9 2 7.5e-09 1.65e-10 0 0
86.3 2 6.74e-09 1.48e-10 0 0
86.7 2 6.04e-09 1.32e-10 0 0
87.1 2 5.42e-09 1.18e-10 0 0
87.5 2 4.86e-09 1.06e-10 0 0
87.9 2 4.35e-09 9.49e-11 0 0
88.3 2 3.89e-09 8.5e-11 0 0
88.7 2 3.5e-09 7.6e-11 0 0
89.1 2 3.14e-09 6.8e-11 0 0
89.5 2 2.8e-09 6.08e-11 0 0
89.9 2 2.51e-09 5.44e-11 0 0
90.3 2 2.26e-09 4.87e-11 0 0
90.7 2 2.02e-09 4.36e-11 0 0
91.1 2 1.81e-09 3.9e-11 0 0
91.5 2 1.63e-09 3.49e-11 0 0
91.9 2 1.45e-09 3.12e-11 0 0
92.3 2 1.3e-09 2.8e-11 0 0
92.7 2 1.16e-09 2.5e-11 0 0
93.1 2 1.04e-09 2.24e-11 0 0
93.5 2 9.22e-10 2e-11 0 0
93.9 2 8.23e-10 1.79e-11 0 0
94.3 2 7.42e-10 1.6e-11 0 0
94.7 2 6.73e-10 1.43e-11 0 0
95.1 2 6.01e-10 1.28e-11 0 0
95.5 2 5.35e-10 1.15e-11 0 0
95.9 2 4.77e-10 1.03e-11 0 0
96.3 2 4.3e-10 9.2e-12 0 0
96.7 2 3.77e-10 8.23e-12 0 0
97.1 2 3.31e-10 7.37e-12 0 0
97.5 2 3.03e-10 6.57e-12 0 0
98 2 2.77e-10 5.81e-12 0 0
98.4 2 2.61e-10 5.06e-12 0 0
99 2 2.48e-10 4.33e-12 0 0
99.5 2 2.31e-10 3.78e-12 0 0
