-15 0.0533 0.237 1 0.0115 2.12
-14.6 0.0586 0.257 1 0.0238 4.04
-14.2 0.0644 0.277 1 0.0253 3.68
-13.8 0.0708 0.298 1 0.0266 3.3
-13.4 0.0776 0.319 1 0.0279 2.97
-13 0.0851 0.341 1 0.0297 2.71
-12.6 0.0933 0.364 1 0.031 2.43
-12.2 0.102 0.389 1 0.0333 2.24
-11.8 0.112 0.414 1 0.0346 2.01
-11.4 0.122 0.441 1 0.0353 1.76
-11 0.133 0.469 1 0.0391 1.68
-10.6 0.146 0.498 1 0.0412 1.54
-10.2 0.159 0.528 1 0.0415 1.34
-9.8 0.173 0.559 1 0.0434 1.21
-9.4 0.188 0.592 1 0.0451 1.1
-9 0.204 0.625 1 0.0467 0.993
-8.6 0.221 0.658 1 0.0482 0.897
-8.2 0.239 0.693 1 0.0497 0.811
-7.8 0.258 0.727 1 0.0523 0.75
-7.4 0.279 0.762 1 0.0536 0.678
-7 0.3 0.797 1 0.0547 0.61
-6.6 0.323 0.832 1 0.0559 0.554
-6.2 0.346 0.867 0.943 0.0569 0.501
-5.8 0.371 0.904 0.938 0.0591 0.464
-5.4 0.397 0.94 0.932 0.0601 0.421
-5 0.424 0.976 0.925 0.0599 0.377
-4.6 0.451 1.01 0.917 0.0608 0.344
-4.2 0.48 1.04 0.908 0.0628 0.321
-3.8 0.51 1.07 0.899 0.0626 0.289
-3.4 0.54 1.09 0.889 0.0624 0.262
-3 0.571 1.11 0.878 0.0633 0.242
-2.6 0.603 1.13 0.866 0.0631 0.221
-2.2 0.635 1.14 0.856 0.063 0.202
-1.8 0.668 1.15 0.838 0.061 0.147
5.7 1.32 1.15 0.425 0.0595 0.0771
6.1 1.36 1.14 0.405 0.0527 0.0477
6.5 1.39 1.13 0.38 0.0448 0.0388
6.9 1.42 1.12 0.357 0.0445 0.0372
7.3 1.45 1.1 0.334 0.0442 0.0357
7.7 1.48 1.08 0.313 0.0439 0.0343
8.1 1.51 1.05 0.292 0.0436 0.0329
8.5 1.54 1.02 0.272 0.0433 0.0316
8.9 1.57 0.984 0.253 0.043 0.0304
9.3 1.6 0.949 0.235 0.0357 0.0246
9.7 1.62 0.913 0.218 0.0354 0.0237
10.1 1.65 0.876 0.201 0.0353 0.0231
10.5 1.67 0.84 0.186 0.0281 0.0179
10.9 1.69 0.805 0.172 0.0349 0.0218
11.3 1.72 0.771 0.158 0.0348 0.0213
11.7 1.74 0.736 0.146 0.0277 0.0165
12.1 1.76 0.701 0.134 0.0207 0.0122
12.5 1.77 0.667 0.123 0.0206 0.0119
12.9 1.79 0.633 0.113 0.0275 0.0156
13.3 1.81 0.6 0.103 0.0205 0.0115
13.7 1.82 0.567 0.0944 0.0205 0.0113
14.1 1.84 0.536 0.0863 0.0204 0.0111
14.5 1.85 0.505 0.0788 0.0136 0.0073
14.9 1.86 0.476 0.0719 0.0136 0.00723
15.3 1.87 0.447 0.0656 0.0203 0.0107
15.7 1.89 0.42 0.0598 0.0202 0.0106
16.1 1.9 0.393 0.0545 0.00673 0.00348
16.5 1.9 0.368 0.0496 0.00672 0.00344
16.9 1.91 0.344 0.0452 0.0134 0.00685
17.3 1.92 0.321 0.0411 0.0134 0.00678
17.7 1.93 0.3 0.0373 0.0067 0.00337
18.1 1.93 0.279 0.0339 0.00669 0.00334
18.5 1.94 0.26 0.0308 0.0134 0.00664
18.9 1.95 0.242 0.028 0.00668 0.0033
19.3 1.95 0.225 0.0254 0 0
19.7 1.95 0.209 0.0231 0.00666 0.00327
20.1 1.96 0.193 0.0209 0.00666 0.00327
20.5 1.96 0.179 0.019 0.00665 0.00324
20.9 1.97 0.166 0.0172 0.00665 0.00324
21.3 1.97 0.154 0.0156 0 0
21.7 1.97 0.142 0.0141 0.00664 0.0032
22.1 1.98 0.132 0.0128 0.00664 0.0032
22.5 1.98 0.122 0.0116 0 0
22.9 1.98 0.112 0.0105 0 0
23.3 1.98 0.104 0.00953 0 0
23.7 1.98 0.0956 0.00863 0 0
24.1 1.98 0.0882 0.00783 0.00663 0.00317
24.5 1.99 0.0813 0.00709 0.00663 0.00317
24.9 1.99 0.0749 0.00642 0 0
25.3 1.99 0.069 0.00581 0 0
25.7 1.99 0.0635 0.00526 0 0
26.1 1.99 0.0584 0.00477 0 0
26.5 1.99 0.0538 0.00432 0 0
26.9 1.99 0.0498 0.00391 0 0
27.3 1.99 0.046 0.00354 0 0
27.7 1.99 0.0423 0.0032 0 0
28.1 1.99 0.0389 0.0029 0.00662 0.00314
28.5 2 0.0355 0.00262 0.00662 0.00314
28.9 2 0.0323 0.00237 0 0
29.3 2 0.0293 0.00215 0 0
29.7 2 0.0264 0.00194 0 0
30.1 2 0.0237 0.00176 0 0
30.5 2 0.0211 0.00159 0 0
30.9 2 0.0187 0.00148 0 0
31.3 2 0.0165 0.00122 0 0
34.4 2 0.0145 0.000873 0 0
34.8 2 0.0126 0.000578 0 0
35.2 2 0.0109 0.000443 0 0
35.6 2 0.00932 0.000445 0 0
36 2 0.00795 0.000403 0 0
36.4 2 0.00675 0.000365 0 0
36.8 2 0.00572 0.00033 0 0
37.2 2 0.00486 0.000299 0 0
37.6 2 0.00418 0.00027 0 0
38 2 0.00367 0.000245 0 0
38.4 2 0.00333 0.000221 0 0
38.8 2 0.00317 0.0002 0 0
39.2 2 0.00318 0.000181 0 0
39.6 2 0.00311 0.000164 0 0
40 2 0.00284 0.000148 0 0
40.4 2 0.0026 0.000134 0 0
40.8 2 0.00238 0.000121 0 0
41.2 2 0.00217 0.00011 0 0
41.6 2 0.00199 9.95e-05 0 0
42 2 0.00181 9e-05 0 0
42.4 2 0.00166 8.15e-05 0 0
42.8 2 0.00151 7.37e-05 0 0
43.2 2 0.00138 6.67e-05 0 0
43.6 2 0.00126 6.04e-05 0 0
44 2 0.00115 5.47e-05 0 0
44.4 2 0.00105 4.94e-05 0 0
44.8 2 0.000963 4.47e-05 0 0
45.2 2 0.00088 4.04e-05 0 0
45.6 2 0.000803 3.66e-05 0 0
46 2 0.000733 3.31e-05 0 0
46.4 2 0.000669 3e-05 0 0
46.8 2 0.000611 2.71e-05 0 0
47.2 2 0.000558 2.45e-05 0 0
47.6 2 0.000509 2.22e-05 0 0
48 2 0.000465 2.01e-05 0 0
48.4 2 0.000424 1.82e-05 0 0
48.8 2 0.000387 1.65e-05 0 0
49.2 2 0.000353 1.49e-05 0 0
49.6 2 0.000322 1.35e-05 0 0
50 2 0.000294 1.22e-05 0 0
50.4 2 0.000268 1.1e-05 0 0
50.8 2 0.000245 9.99e-06 0 0
51.2 2 0.000223 9.03e-06 0 0
51.6 2 0.000203 8.17e-06 0 0
52 2 0.000186 7.39e-06 0 0
52.4 2 0.000169 6.69e-06 0 0
52.8 2 0.000154 6.05e-06 0 0
53.2 2 0.000141 5.47e-06 0 0
53.6 2 0.000128 4.95e-06 0 0
54 2 0.000117 4.48e-06 0 0
54.4 2 0.000107 4.06e-06 0 0
54.8 2 9.72e-05 3.67e-06 0 0
55.2 2 8.86e-05 3.32e-06 0 0
55.6 2 8.08e-05 3e-06 0 0
56 2 7.36e-05 2.72e-06 0 0
56.4 2 6.71e-05 2.46e-06 0 0
56.8 2 6.12e-05 2.22e-06 0 0
57.2 2 5.58e-05 2.01e-06 0 0
57.6 2 5.08e-05 1.82e-06 0 0
58 2 4.63e-05 1.65e-06 0 0
58.4 2 4.22e-05 1.49e-06 0 0
58.8 2 3.84e-05 1.35e-06 0 0
59.2 2 3.5e-05 1.22e-06 0 0
59.6 2 3.19e-05 1.11e-06 0 0
60 2 2.91e-05 1e-06 0 0
60.4 2 2.65e-05 9.05e-07 0 0
60.8 2 2.41e-05 8.19e-07 0 0
61.2 2 2.2e-05 7.42e-07 0 0
61.6 2 2e-05 6.7e-07 0 0
62 2 1.82e-05 6.06e-07 0 0
62.4 2 1.66e-05 5.49e-07 0 0
62.8 2 1.51e-05 4.97e-07 0 0
63.2 2 1.38e-05 4.49e-07 0 0
63.6 2 1.25e-05 4.07e-07 0 0
64 2 1.14e-05 3.68e-07 0 0
64.4 2 1.04e-05 3.33e-07 0 0
64.8 2 9.47e-06 3.01e-07 0 0
65.2 2 8.62e-06 2.73e-07 0 0
65.6 2 7.85e-06 2.47e-07 0 0
66 2 7.15e-06 2.23e-07 0 0
66.4 2 6.51e-06 2.02e-07 0 0
66.8 2 5.93e-06 1.83e-07 0 0
67.2 2 5.4e-06 1.65e-07 0 0
67.6 2 4.91e-06 1.5e-07 0 0
68 2 4.47e-06 1.35e-07 0 0
68.4 2 4.07e-06 1.23e-07 0 0
68.8 2 3.7e-06 1.11e-07 0 0
69.2 2 3.37e-06 1e-07 0 0
69.6 2 3.07e-06 9.08e-08 0 0
70 2 2.79e-06 8.2e-08 0 0
70.4 2 2.54e-06 7.42e-08 0 0
70.8 2 2.31e-06 6.72e-08 0 0
71.2 2 2.11e-06 6.09e-08 0 0
71.6 2 1.92e-06 5.51e-08 0 0
72 2 1.74e-06 4.98e-08 0 0
72.4 2 1.59e-06 4.5e-08 0 0
72.8 2 1.44e-06 4.08e-08 0 0
73.2 2 1.31e-06 3.69e-08 0 0
73.6 2 1.2e-06 3.34e-08 0 0
74 2 1.09e-06 3.02e-08 0 0
74.4 2 9.9e-07 2.73e-08 0 0
74.8 2 9e-07 2.47e-08 0 0
75.2 2 8.19e-07 2.24e-08 0 0
75.6 2 7.45e-07 2.02e-08 0 0
76 2 6.78e-07 1.83e-08 0 0
76.4 2 6.17e-07 1.66e-08 0 0
76.8 2 5.61e-07 1.5e-08 0 0
77.2 2 5.1e-07 1.36e-08 0 0
77.6 2 4.64e-07 1.23e-08 0 0
78 2 4.22e-07 1.11e-08 0 0
78.4 2 3.84e-07 1.01e-08 0 0
78.8 2 3.49e-07 9.1e-09 0 0
79.2 2 3.18e-07 8.24e-09 0 0
79.6 2 2.89e-07 7.45e-09 0 0
80 2 2.63e-07 6.74e-09 0 0
80.4 2 2.39e-07 6.09e-09 0 0
80.8 2 2.17e-07 5.51e-09 0 0
81.2 2 1.98e-07 4.99e-09 0 0
81.6 2 1.8e-07 4.52e-09 0 0
82 2 1.64e-07 4.09e-09 0 0
82.4 2 1.49e-07 3.7e-09 0 0
82.8 2 1.35e-07 3.35e-09 0 0
83.2 2 1.23e-07 3.03e-09 0 0
83.6 2 1.12e-07 2.74e-09 0 0
84 2 1.02e-07 2.48e-09 0 0
84.4 2 9.25e-08 2.24e-09 0 0
84.8 2 8.41e-08 2.03e-09 0 0
85.2 2 7.65e-08 1.84e-09 0 0
85.6 2 6.96e-08 1.66e-09 0 0
86 2 6.33e-08 1.5e-09 0 0
86.4 2 5.75e-08 1.36e-09 0 0
86.8 2 5.23e-08 1.23e-09 0 0
87.2 2 4.75e-08 1.11e-09 0 0
87.6 2 4.32e-08 1.01e-09 0 0
88 2 3.93e-08 9.13e-10 0 0
88.4 2 3.57e-08 8.25e-10 0 0
88.8 2 3.25e-08 7.47e-10 0 0
89.2 2 2.95e-08 6.76e-10 0 0
89.6 2 2.69e-08 6.11e-10 0 0
90 2 2.44e-08 5.53e-10 0 0
90.4 2 2.22e-08 5e-10 0 0
90.8 2 2.02e-08 4.53e-10 0 0
91.2 2 1.84e-08 4.1e-10 0 0
91.6 2 1.67e-08 3.71e-10 0 0
92 2 1.52e-08 3.35e-10 0 0
92.4 2 1.38e-08 3.04e-10 0 0
92.8 2 1.26e-08 2.75e-10 0 0
93.2 2 1.15e-08 2.49e-10 0 0
93.6 2 1.04e-08 2.25e-10 0 0
94 2 9.49e-09 2.03e-10 0 0
94.4 2 8.64e-09 1.84e-10 0 0
94.8 2 7.87e-09 1.67e-10 0 0
95.2 2 7.16e-09 1.51e-10 0 0
95.6 2 6.49e-09 1.37e-10 0 0
96 2 5.86e-09 1.23e-10 0 0
96.4 2 5.3e-09 1.12e-10 0 0
96.8 2 4.8e-09 1.01e-10 0 0
97.2 2 4.34e-09 9.14e-11 0 0
97.6 2 3.94e-09 8.27e-11 0 0
98 2 3.6e-09 7.48e-11 0 0
98.4 2 3.34e-09 6.77e-11 0 0
98.8 2 3.14e-09 6.14e-11 0 0
99.2 2 3e-09 5.51e-11 0 0
99.6 2 2.91e-09 5.01e-11 0 0
