-15 0.244 0.722 1 0.0132
-14.6 0.254 0.739 1 0.025
-14.2 0.263 0.757 1 0.0247
-13.8 0.273 0.774 1 0.0257
-13.4 0.283 0.792 1 0.0266
-13 0.294 0.809 1 0.0263
-12.6 0.304 0.826 1 0.026
-12.2 0.315 0.843 1 0.0269
-11.8 0.326 0.86 1 0.0278
-11.4 0.338 0.877 1 0.0275
-11 0.349 0.893 1 0.0272
-10.6 0.361 0.909 1 0.0281
-10.2 0.373 0.925 1 0.0278
-9.8 0.385 0.94 1 0.0286
-9.4 0.398 0.956 1 0.0283
-9 0.41 0.971 1 0.028
-8.6 0.423 0.986 1 0.0289
-8.2 0.436 1 1 0.0286
-7.8 0.449 1.01 1 0.0283
-7.4 0.462 1.03 1 0.028
-7 0.475 1.04 1 0.0278
-6.6 0.488 1.05 1 0.0286
-6.2 0.502 1.07 1 0.0283
-5.8 0.515 1.08 1 0.0281
-5.4 0.529 1.09 1 0.0289
-5 0.543 1.1 1 0.0276
-4.6 0.556 1.11 1 0.0274
-4.2 0.57 1.12 1 0.0281
-3.8 0.584 1.13 1 0.0279
-3.4 0.598 1.14 1 0.0267
-3 0.611 1.15 1 0.0265
-2.6 0.625 1.16 1 0.0273
-2.2 0.639 1.17 1 0.0271
-1.8 0.653 1.17 1 0.0259
-1.4 0.666 1.18 1 0.0258
-1 0.68 1.18 1 0.0265
-0.6 0.694 1.18 1 0.0254
-0.2 0.707 1.18 1 0.0228
18.5 1.3 1.18 0.491 0.0259
18.9 1.32 1.18 0.479 0.0228
19.3 1.33 1.18 0.466 0.0152
19.7 1.34 1.17 0.453 0.0226
20.1 1.36 1.17 0.441 0.0226
20.5 1.37 1.16 0.429 0.0225
20.9 1.39 1.15 0.417 0.0224
21.3 1.4 1.14 0.405 0.0149
21.7 1.41 1.13 0.393 0.0223
22.1 1.43 1.12 0.381 0.0222
22.5 1.44 1.11 0.369 0.0148
22.9 1.45 1.1 0.358 0.0221
23.3 1.47 1.09 0.347 0.022
23.7 1.48 1.08 0.336 0.0146
24.1 1.49 1.07 0.325 0.0219
24.5 1.51 1.06 0.314 0.0218
24.9 1.52 1.04 0.303 0.0145
25.3 1.53 1.03 0.293 0.0217
25.7 1.55 1.02 0.282 0.0216
26.1 1.56 1 0.272 0.0144
26.5 1.57 0.989 0.263 0.0215
26.9 1.59 0.975 0.253 0.0214
27.3 1.6 0.96 0.244 0.0142
27.7 1.61 0.944 0.235 0.0142
28.1 1.62 0.929 0.226 0.0213
28.5 1.64 0.913 0.218 0.0212
28.9 1.65 0.897 0.209 0.0141
29.3 1.66 0.881 0.201 0.0141
29.7 1.67 0.864 0.193 0.014
30.1 1.68 0.847 0.186 0.014
30.5 1.69 0.83 0.178 0.014
30.9 1.7 0.813 0.171 0.014
31.3 1.71 0.796 0.164 0.0139
31.7 1.72 0.779 0.157 0.0139
32.1 1.73 0.761 0.151 0.0139
32.5 1.74 0.744 0.145 0.0139
32.9 1.75 0.727 0.139 0.0138
33.3 1.76 0.709 0.133 0.0138
33.7 1.77 0.692 0.127 0.0138
34.1 1.78 0.675 0.122 0.0138
34.5 1.79 0.658 0.117 0.0137
34.9 1.8 0.641 0.112 0.0137
35.3 1.81 0.624 0.107 0.00684
35.7 1.81 0.607 0.102 0.00683
36.1 1.82 0.591 0.0976 0.0137
36.5 1.83 0.575 0.0933 0.0136
36.9 1.84 0.559 0.0892 0.00681
37.3 1.84 0.543 0.0852 0.00679
37.7 1.85 0.527 0.0814 0.0136
38.1 1.86 0.511 0.0778 0.00678
38.5 1.86 0.496 0.0743 0.00677
38.9 1.87 0.481 0.071 0.00677
39.3 1.87 0.467 0.0678 0.00676
39.7 1.88 0.452 0.0647 0.00676
40.1 1.88 0.438 0.0618 0.00675
40.5 1.89 0.424 0.0589 0.00675
40.9 1.89 0.411 0.0562 0.00673
41.3 1.9 0.398 0.0536 0.00673
41.7 1.9 0.385 0.0512 0.00672
42.1 1.91 0.372 0.0488 0.00672
42.5 1.91 0.36 0.0465 0
42.9 1.91 0.348 0.0444 0.00671
43.3 1.92 0.336 0.0423 0.00671
43.7 1.92 0.325 0.0403 0.0067
44.1 1.93 0.313 0.0385 0.0067
44.5 1.93 0.303 0.0367 0
44.9 1.93 0.292 0.0349 0.00669
45.3 1.94 0.282 0.0333 0.00669
45.7 1.94 0.272 0.0317 0
46.1 1.94 0.262 0.0302 0
46.5 1.94 0.253 0.0288 0.00668
46.9 1.95 0.244 0.0274 0.00668
47.3 1.95 0.235 0.0261 0
47.7 1.95 0.226 0.0249 0
48.1 1.95 0.218 0.0237 0.00666
48.5 1.96 0.21 0.0226 0.00666
48.9 1.96 0.202 0.0215 0
49.3 1.96 0.195 0.0205 0
49.7 1.96 0.187 0.0195 0
50.1 1.96 0.18 0.0186 0.00665
50.5 1.97 0.174 0.0177 0.00665
50.9 1.97 0.167 0.0168 0
51.3 1.97 0.161 0.016 0
51.7 1.97 0.155 0.0153 0
52.1 1.97 0.149 0.0145 0
52.5 1.97 0.143 0.0138 0
52.9 1.97 0.138 0.0132 0
53.3 1.97 0.132 0.0125 0.00664
53.7 1.98 0.127 0.0119 0.00664
54.1 1.98 0.122 0.0114 0
54.5 1.98 0.117 0.0108 0
54.9 1.98 0.113 0.0103 0
55.3 1.98 0.108 0.00979 0
55.7 1.98 0.104 0.00932 0
56.1 1.98 0.0999 0.00887 0
56.5 1.98 0.0959 0.00843 0
56.9 1.98 0.0921 0.00802 0.00663
57.3 1.99 0.0884 0.00763 0.00663
57.7 1.99 0.0849 0.00727 0
58.1 1.99 0.0815 0.00692 0
58.5 1.99 0.0782 0.00658 0
58.9 1.99 0.0751 0.00627 0
59.3 1.99 0.0721 0.00596 0
59.7 1.99 0.0691 0.00567 0
60.1 1.99 0.0664 0.00539 0
60.5 1.99 0.0636 0.00513 0
60.9 1.99 0.0611 0.00488 0
61.3 1.99 0.0586 0.00465 0
61.7 1.99 0.0562 0.00443 0
62.1 1.99 0.0539 0.00421 0
62.5 1.99 0.0517 0.00401 0
62.9 1.99 0.0495 0.00382 0
63.3 1.99 0.0475 0.00363 0
63.7 1.99 0.0455 0.00345 0
64.1 1.99 0.0437 0.00329 0
64.5 1.99 0.0419 0.00313 0
64.9 1.99 0.0401 0.00297 0
65.3 1.99 0.0385 0.00283 0
65.7 1.99 0.0369 0.00269 0
66.1 1.99 0.0353 0.00256 0.00662
66.5 2 0.0339 0.00243 0.00662
66.9 2 0.0324 0.00231 0
67.3 2 0.0311 0.0022 0
67.7 2 0.0298 0.00209 0
68.1 2 0.0285 0.00199 0
68.5 2 0.0273 0.00189 0
68.9 2 0.0262 0.0018 0
69.3 2 0.0251 0.00171 0
69.7 2 0.024 0.00163 0
70.1 2 0.023 0.00155 0
70.5 2 0.022 0.00148 0
70.9 2 0.0211 0.0014 0
71.3 2 0.0202 0.00133 0
71.7 2 0.0194 0.00127 0
72.1 2 0.0185 0.00121 0
72.5 2 0.0177 0.00115 0
72.9 2 0.017 0.00109 0
73.3 2 0.0163 0.00104 0
73.7 2 0.0156 0.00099 0
74.1 2 0.0149 0.000942 0
74.5 2 0.0143 0.000896 0
74.9 2 0.0137 0.000852 0
75.3 2 0.0131 0.00081 0
75.7 2 0.0125 0.00077 0
76.1 2 0.012 0.000733 0
76.5 2 0.0115 0.000698 0
76.9 2 0.011 0.000664 0
77.3 2 0.0105 0.000632 0
77.7 2 0.0101 0.000601 0
78.1 2 0.00963 0.000572 0
78.5 2 0.00921 0.000544 0
78.9 2 0.00881 0.000517 0
79.3 2 0.00843 0.000492 0
79.7 2 0.00807 0.000468 0
80.1 2 0.00772 0.000445 0
80.5 2 0.00739 0.000424 0
80.9 2 0.00707 0.000403 0
81.3 2 0.00676 0.000383 0
81.7 2 0.00647 0.000365 0
82.1 2 0.00619 0.000347 0
82.5 2 0.00592 0.00033 0
82.9 2 0.00566 0.000314 0
83.3 2 0.00542 0.000299 0
83.7 2 0.00518 0.000284 0
84.1 2 0.00495 0.00027 0
84.5 2 0.00474 0.000257 0
84.9 2 0.00453 0.000244 0
85.3 2 0.00433 0.000233 0
85.7 2 0.00415 0.000221 0
86.1 2 0.00396 0.00021 0
86.5 2 0.00379 0.0002 0
86.9 2 0.00363 0.00019 0
87.3 2 0.00347 0.000181 0
87.7 2 0.00331 0.000172 0
88.1 2 0.00317 0.000164 0
88.5 2 0.00303 0.000156 0
88.9 2 0.0029 0.000148 0
89.3 2 0.00277 0.000141 0
89.7 2 0.00265 0.000134 0
90.1 2 0.00253 0.000128 0
90.5 2 0.00242 0.000121 0
90.9 2 0.00231 0.000116 0
91.3 2 0.00221 0.00011 0
91.7 2 0.00211 0.000104 0
92.1 2 0.00202 9.94e-05 0
92.5 2 0.00193 9.46e-05 0
92.9 2 0.00185 9e-05 0
93.3 2 0.00177 8.56e-05 0
93.7 2 0.00169 8.14e-05 0
94.1 2 0.00161 7.75e-05 0
94.5 2 0.00154 7.37e-05 0
94.9 2 0.00147 7.01e-05 0
95.3 2 0.00141 6.66e-05 0
95.7 2 0.00134 6.34e-05 0
96.1 2 0.00127 6.03e-05 0
96.5 2 0.00121 5.74e-05 0
96.9 2 0.00115 5.46e-05 0
97.3 2 0.0011 5.19e-05 0
97.7 2 0.00105 4.94e-05 0
98.1 2 0.00101 4.7e-05 0
98.5 2 0.000976 4.47e-05 0
98.9 2 0.000951 4.25e-05 0
99.3 2 0.000934 4.02e-05 0
99.7 2 0.000925 3.86e-05 0
