-15 0.151 0.521 1 0.0139
-14.6 0.16 0.543 1 0.0276
-14.2 0.169 0.564 1 0.0286
-13.8 0.179 0.586 1 0.0296
-13.4 0.189 0.608 1 0.029
-13 0.199 0.629 1 0.03
-12.6 0.21 0.652 1 0.0309
-12.2 0.221 0.674 1 0.0317
-11.8 0.233 0.696 1 0.0325
-11.4 0.245 0.719 1 0.0333
-11 0.258 0.742 1 0.034
-10.6 0.271 0.764 1 0.0335
-10.2 0.284 0.787 1 0.0342
-9.8 0.298 0.81 1 0.0362
-9.4 0.313 0.833 1 0.0368
-9 0.328 0.855 1 0.0363
-8.6 0.343 0.877 1 0.0357
-8.2 0.358 0.899 1 0.0364
-7.8 0.374 0.92 1 0.0382
-7.4 0.391 0.941 1 0.0376
-7 0.407 0.962 1 0.0371
-6.6 0.424 0.982 1 0.0388
-6.2 0.442 1 1 0.0383
-5.8 0.459 1.02 1 0.0378
-5.4 0.477 1.04 1 0.0384
-5 0.495 1.06 1 0.0379
-4.6 0.513 1.07 1 0.0375
-4.2 0.531 1.09 1 0.0381
-3.8 0.55 1.11 1 0.0376
-3.4 0.568 1.12 1 0.0372
-3 0.587 1.14 1 0.0378
-2.6 0.606 1.15 1 0.0374
-2.2 0.625 1.16 1 0.0361
-1.8 0.643 1.16 1 0.0357
-1.4 0.662 1.17 1 0.0363
-1 0.681 1.17 1 0.036
-0.6 0.7 1.18 0.898 0.0331
12.9 1.31 1.17 0.475 0.0303
13.3 1.33 1.17 0.459 0.0303
13.7 1.35 1.17 0.442 0.0302
14.1 1.37 1.16 0.425 0.03
14.5 1.39 1.15 0.409 0.0299
14.9 1.41 1.14 0.393 0.0297
15.3 1.43 1.13 0.378 0.0296
15.7 1.45 1.11 0.362 0.0221
16.1 1.46 1.09 0.347 0.022
16.5 1.48 1.08 0.332 0.0293
16.9 1.5 1.06 0.318 0.0291
17.3 1.52 1.04 0.304 0.029
17.7 1.54 1.02 0.29 0.0217
18.1 1.55 1.01 0.276 0.0216
18.5 1.57 0.987 0.264 0.0287
18.9 1.59 0.967 0.251 0.0286
19.3 1.61 0.947 0.239 0.0214
19.7 1.62 0.926 0.227 0.0213
20.1 1.64 0.904 0.216 0.0212
20.5 1.65 0.883 0.205 0.0211
20.9 1.67 0.861 0.194 0.0211
21.3 1.68 0.838 0.184 0.021
21.7 1.7 0.816 0.174 0.021
22.1 1.71 0.793 0.165 0.0209
22.5 1.73 0.77 0.156 0.0208
22.9 1.74 0.747 0.148 0.0139
23.3 1.75 0.724 0.14 0.0138
23.7 1.76 0.702 0.132 0.0207
24.1 1.78 0.679 0.125 0.0206
24.5 1.79 0.656 0.118 0.0137
24.9 1.8 0.634 0.111 0.0137
25.3 1.81 0.612 0.105 0.0137
25.7 1.82 0.59 0.0985 0.0137
26.1 1.83 0.568 0.0928 0.0136
26.5 1.84 0.547 0.0874 0.0136
26.9 1.85 0.526 0.0823 0.0136
27.3 1.86 0.506 0.0775 0.00678
27.7 1.86 0.486 0.073 0.00677
28.1 1.87 0.467 0.0685 0.0135
28.5 1.88 0.448 0.0644 0.0135
28.9 1.89 0.429 0.0605 0.00675
29.3 1.89 0.411 0.0568 0.00673
29.7 1.9 0.393 0.0534 0.00673
30.1 1.9 0.377 0.0501 0.00672
30.5 1.91 0.36 0.0471 0.0134
30.9 1.92 0.344 0.0442 0.00671
31.3 1.92 0.329 0.0415 0
31.7 1.92 0.314 0.0389 0.0067
32.1 1.93 0.3 0.0365 0.0067
32.5 1.93 0.286 0.0343 0.00669
32.9 1.94 0.273 0.0321 0.00669
33.3 1.94 0.26 0.0301 0.00668
33.7 1.95 0.247 0.0282 0.00668
34.1 1.95 0.236 0.0265 0
34.5 1.95 0.224 0.0248 0
34.9 1.95 0.213 0.0233 0.00666
35.3 1.96 0.203 0.0218 0.00666
35.7 1.96 0.193 0.0204 0
36.1 1.96 0.184 0.0191 0.00665
36.5 1.97 0.174 0.0179 0.00665
36.9 1.97 0.166 0.0168 0
37.3 1.97 0.157 0.0157 0
37.7 1.97 0.149 0.0147 0
38.1 1.97 0.142 0.0138 0
38.5 1.97 0.135 0.0129 0.00664
38.9 1.98 0.128 0.0121 0.00664
39.3 1.98 0.121 0.0113 0
39.7 1.98 0.115 0.0106 0
40.1 1.98 0.109 0.00993 0
40.5 1.98 0.103 0.00929 0
40.9 1.98 0.0978 0.0087 0
41.3 1.98 0.0926 0.00814 0.00663
41.7 1.99 0.0877 0.00762 0.00663
42.1 1.99 0.0831 0.00713 0
42.5 1.99 0.0787 0.00667 0
42.9 1.99 0.0745 0.00624 0
43.3 1.99 0.0705 0.00584 0
43.7 1.99 0.0668 0.00548 0
44.1 1.99 0.0632 0.00513 0
44.5 1.99 0.0598 0.0048 0
44.9 1.99 0.0565 0.00449 0
45.3 1.99 0.0535 0.0042 0
45.7 1.99 0.0506 0.00394 0
46.1 1.99 0.0478 0.00368 0
46.5 1.99 0.0452 0.00345 0
46.9 1.99 0.0428 0.00322 0
47.3 1.99 0.0404 0.00302 0
47.7 1.99 0.0382 0.00282 0
48.1 1.99 0.0361 0.00264 0.00662
48.5 2 0.0341 0.00247 0.00662
48.9 2 0.0322 0.00231 0
49.3 2 0.0304 0.00216 0
49.7 2 0.0287 0.00202 0
50.1 2 0.0272 0.00189 0
50.5 2 0.0256 0.00177 0
50.9 2 0.0242 0.00166 0
51.3 2 0.0229 0.00155 0
51.7 2 0.0216 0.00145 0
52.1 2 0.0204 0.00136 0
52.5 2 0.0192 0.00127 0
52.9 2 0.0182 0.00119 0
53.3 2 0.0171 0.00111 0
53.7 2 0.0162 0.00104 0
54.1 2 0.0153 0.000972 0
54.5 2 0.0144 0.000909 0
54.9 2 0.0136 0.000851 0
55.3 2 0.0128 0.000796 0
55.7 2 0.0121 0.000745 0
56.1 2 0.0114 0.000697 0
56.5 2 0.0108 0.000652 0
56.9 2 0.0101 0.00061 0
57.3 2 0.00957 0.00057 0
57.7 2 0.00902 0.000534 0
58.1 2 0.00851 0.0005 0
58.5 2 0.00802 0.000468 0
58.9 2 0.00756 0.000437 0
59.3 2 0.00713 0.000409 0
59.7 2 0.00672 0.000383 0
60.1 2 0.00634 0.000358 0
60.5 2 0.00597 0.000335 0
60.9 2 0.00563 0.000313 0
61.3 2 0.0053 0.000293 0
61.7 2 0.005 0.000274 0
62.1 2 0.00471 0.000257 0
62.5 2 0.00444 0.00024 0
62.9 2 0.00418 0.000225 0
63.3 2 0.00394 0.00021 0
63.7 2 0.00371 0.000197 0
64.1 2 0.0035 0.000184 0
64.5 2 0.0033 0.000172 0
64.9 2 0.0031 0.000161 0
65.3 2 0.00292 0.000151 0
65.7 2 0.00275 0.000141 0
66.1 2 0.00259 0.000132 0
66.5 2 0.00244 0.000123 0
66.9 2 0.0023 0.000115 0
67.3 2 0.00217 0.000108 0
67.7 2 0.00204 0.000101 0
68.1 2 0.00192 9.45e-05 0
68.5 2 0.00181 8.84e-05 0
68.9 2 0.0017 8.27e-05 0
69.3 2 0.0016 7.74e-05 0
69.7 2 0.00151 7.24e-05 0
70.1 2 0.00142 6.77e-05 0
70.5 2 0.00134 6.33e-05 0
70.9 2 0.00126 5.93e-05 0
71.3 2 0.00119 5.54e-05 0
71.7 2 0.00112 5.19e-05 0
72.1 2 0.00105 4.85e-05 0
72.5 2 0.00099 4.54e-05 0
72.9 2 0.000932 4.24e-05 0
73.3 2 0.000877 3.97e-05 0
73.7 2 0.000825 3.71e-05 0
74.1 2 0.000776 3.48e-05 0
74.5 2 0.000731 3.25e-05 0
74.9 2 0.000688 3.04e-05 0
75.3 2 0.000647 2.84e-05 0
75.7 2 0.000609 2.66e-05 0
76.1 2 0.000573 2.49e-05 0
76.5 2 0.000539 2.33e-05 0
76.9 2 0.000507 2.18e-05 0
77.3 2 0.000477 2.04e-05 0
77.7 2 0.000449 1.91e-05 0
78.1 2 0.000422 1.78e-05 0
78.5 2 0.000397 1.67e-05 0
78.9 2 0.000374 1.56e-05 0
79.3 2 0.000352 1.46e-05 0
79.7 2 0.000331 1.37e-05 0
80.1 2 0.000311 1.28e-05 0
80.5 2 0.000293 1.2e-05 0
80.9 2 0.000275 1.12e-05 0
81.3 2 0.000259 1.05e-05 0
81.7 2 0.000244 9.78e-06 0
82.1 2 0.000229 9.15e-06 0
82.5 2 0.000215 8.57e-06 0
82.9 2 0.000203 8.02e-06 0
83.3 2 0.000191 7.51e-06 0
83.7 2 0.000179 7.02e-06 0
84.1 2 0.000169 6.56e-06 0
84.5 2 0.000158 6.14e-06 0
84.9 2 0.000149 5.75e-06 0
85.3 2 0.00014 5.37e-06 0
85.7 2 0.000132 5.03e-06 0
86.1 2 0.000124 4.71e-06 0
86.5 2 0.000116 4.4e-06 0
86.9 2 0.00011 4.12e-06 0
87.3 2 0.000103 3.85e-06 0
87.7 2 9.68e-05 3.6e-06 0
88.1 2 9.1e-05 3.37e-06 0
88.5 2 8.56e-05 3.15e-06 0
88.9 2 8.04e-05 2.95e-06 0
89.3 2 7.56e-05 2.76e-06 0
89.7 2 7.11e-05 2.58e-06 0
90.1 2 6.68e-05 2.41e-06 0
90.5 2 6.28e-05 2.26e-06 0
90.9 2 5.9e-05 2.11e-06 0
91.3 2 5.55e-05 1.98e-06 0
91.7 2 5.22e-05 1.85e-06 0
92.1 2 4.9e-05 1.73e-06 0
92.5 2 4.61e-05 1.62e-06 0
92.9 2 4.33e-05 1.51e-06 0
93.3 2 4.07e-05 1.42e-06 0
93.7 2 3.82e-05 1.33e-06 0
94.1 2 3.59e-05 1.24e-06 0
94.5 2 3.38e-05 1.16e-06 0
94.9 2 3.17e-05 1.08e-06 0
95.3 2 2.98e-05 1.01e-06 0
95.7 2 2.79e-05 9.5e-07 0
96.1 2 2.6e-05 8.89e-07 0
96.5 2 2.43e-05 8.31e-07 0
96.9 2 2.27e-05 7.76e-07 0
97.3 2 2.13e-05 7.27e-07 0
97.7 2 2e-05 6.8e-07 0
98.1 2 1.89e-05 6.36e-07 0
98.5 2 1.8e-05 5.95e-07 0
98.9 2 1.74e-05 5.57e-07 0
99.3 2 1.69e-05 5.17e-07 0
99.7 2 1.67e-05 4.91e-07 0
