-15 0.114 0.425 1 0.0136
-14.6 0.122 0.449 1 0.0285
-14.2 0.131 0.473 1 0.0295
-13.8 0.14 0.497 1 0.0305
-13.4 0.15 0.522 1 0.0329
-13 0.161 0.547 1 0.0337
-12.6 0.172 0.572 1 0.0344
-12.2 0.184 0.599 1 0.0366
-11.8 0.197 0.625 1 0.0372
-11.4 0.21 0.653 1 0.0378
-11 0.224 0.681 1 0.0398
-10.6 0.239 0.71 0.926 0.0416
-10.2 0.255 0.739 0.921 0.0434
-9.8 0.272 0.769 0.916 0.0437
-9.4 0.289 0.799 0.91 0.0441
-9 0.307 0.829 0.903 0.0457
-8.6 0.326 0.86 0.896 0.0472
-8.2 0.346 0.892 0.889 0.0487
-7.8 0.367 0.925 0.881 0.0489
-7.4 0.388 0.959 0.872 0.0502
-7 0.411 0.991 0.863 0.0516
-6.6 0.434 1.02 0.853 0.0517
-6.2 0.458 1.05 0.843 0.053
-5.8 0.483 1.08 0.833 0.0542
-5.4 0.509 1.1 0.822 0.0543
-5 0.535 1.11 0.811 0.0544
-4.6 0.562 1.13 0.8 0.0555
-4.2 0.59 1.14 0.788 0.0566
-3.8 0.619 1.14 0.764 0.0551
6.1 1.4 1.14 0.334 0.0488
6.5 1.43 1.13 0.317 0.0444
6.9 1.46 1.12 0.3 0.0368
7.3 1.48 1.1 0.284 0.0365
7.7 1.51 1.08 0.269 0.0436
8.1 1.54 1.06 0.254 0.0361
8.5 1.56 1.03 0.24 0.0287
8.9 1.58 0.999 0.226 0.0357
9.3 1.61 0.967 0.213 0.0356
9.7 1.63 0.934 0.201 0.0283
10.1 1.65 0.9 0.189 0.0282
10.5 1.67 0.868 0.177 0.0281
10.9 1.69 0.837 0.166 0.028
11.3 1.71 0.806 0.156 0.0209
11.7 1.72 0.776 0.146 0.0208
12.1 1.74 0.747 0.137 0.0277
12.5 1.76 0.717 0.128 0.0207
12.9 1.77 0.688 0.12 0.0206
13.3 1.79 0.659 0.112 0.0206
13.7 1.8 0.631 0.105 0.0137
14.1 1.81 0.604 0.0977 0.0137
14.5 1.82 0.577 0.0912 0.0205
14.9 1.84 0.551 0.085 0.0204
15.3 1.85 0.525 0.0793 0.0136
15.7 1.86 0.501 0.0738 0.0136
16.1 1.87 0.477 0.0687 0.0135
16.5 1.88 0.454 0.0639 0.00676
16.9 1.88 0.431 0.0595 0.00675
17.3 1.89 0.41 0.0554 0.0135
17.7 1.9 0.389 0.0515 0.0135
18.1 1.91 0.369 0.0479 0.00672
18.5 1.91 0.35 0.0445 0.00671
18.9 1.92 0.331 0.0414 0.00671
19.3 1.92 0.314 0.0384 0.0067
19.7 1.93 0.297 0.0357 0.0067
20.1 1.93 0.281 0.0331 0.00669
20.5 1.94 0.266 0.0308 0.00669
20.9 1.94 0.251 0.0286 0.00668
21.3 1.95 0.237 0.0265 0.00668
21.7 1.95 0.224 0.0246 0
22.1 1.95 0.211 0.0228 0.00666
22.5 1.96 0.199 0.0212 0.00666
22.9 1.96 0.188 0.0196 0
23.3 1.96 0.177 0.0182 0.00665
23.7 1.97 0.167 0.0169 0.00665
24.1 1.97 0.157 0.0157 0
24.5 1.97 0.148 0.0145 0
24.9 1.97 0.139 0.0135 0.00664
25.3 1.98 0.131 0.0125 0.00664
25.7 1.98 0.123 0.0116 0
26.1 1.98 0.116 0.0107 0
26.5 1.98 0.109 0.00992 0
26.9 1.98 0.102 0.0092 0
27.3 1.98 0.096 0.00853 0
27.7 1.98 0.0902 0.0079 0.00663
28.1 1.99 0.0847 0.00732 0.00663
28.5 1.99 0.0795 0.00678 0
28.9 1.99 0.0746 0.00629 0
29.3 1.99 0.0701 0.00582 0
29.7 1.99 0.0657 0.00539 0
30.1 1.99 0.0617 0.00499 0
30.5 1.99 0.0578 0.00463 0
30.9 1.99 0.0542 0.00429 0
31.3 1.99 0.0513 0.00397 0
31.7 1.99 0.0485 0.00368 0
32.1 1.99 0.0456 0.00341 0
32.5 1.99 0.0427 0.00316 0
32.9 1.99 0.0397 0.00292 0
33.3 1.99 0.0367 0.00271 0
33.7 1.99 0.0337 0.00251 0.00662
34.1 2 0.0307 0.00232 0.00662
34.5 2 0.0279 0.00215 0
34.9 2 0.0251 0.00199 0
35.3 2 0.0224 0.00191 0
35.7 2 0.0198 0.00156 0
41.1 2 0.0174 0.00106 0
41.5 2 0.0152 0.00062 0
41.9 2 0.0131 0.000438 0
42.3 2 0.0112 0.000481 0
42.7 2 0.00946 0.000445 0
43.1 2 0.00795 0.000412 0
43.5 2 0.00667 0.000381 0
43.9 2 0.00561 0.000353 0
44.3 2 0.00479 0.000327 0
44.7 2 0.00422 0.000303 0
45.1 2 0.0039 0.00028 0
45.5 2 0.00385 0.00026 0
45.9 2 0.00407 0.00024 0
46.3 2 0.00414 0.000223 0
46.7 2 0.00386 0.000206 0
47.1 2 0.0036 0.000191 0
47.5 2 0.00336 0.000177 0
47.9 2 0.00314 0.000164 0
48.3 2 0.00293 0.000152 0
48.7 2 0.00274 0.00014 0
49.1 2 0.00255 0.00013 0
49.5 2 0.00238 0.00012 0
49.9 2 0.00222 0.000111 0
50.3 2 0.00208 0.000103 0
50.7 2 0.00194 9.55e-05 0
51.1 2 0.00181 8.85e-05 0
51.5 2 0.00169 8.2e-05 0
51.9 2 0.00157 7.6e-05 0
52.3 2 0.00147 7.03e-05 0
52.7 2 0.00137 6.51e-05 0
53.1 2 0.00128 6.02e-05 0
53.5 2 0.00119 5.57e-05 0
53.9 2 0.00111 5.16e-05 0
54.3 2 0.00103 4.78e-05 0
54.7 2 0.000965 4.43e-05 0
55.1 2 0.0009 4.1e-05 0
55.5 2 0.000839 3.8e-05 0
55.9 2 0.000782 3.52e-05 0
56.3 2 0.000729 3.26e-05 0
56.7 2 0.00068 3.01e-05 0
57.1 2 0.000634 2.79e-05 0
57.5 2 0.000591 2.58e-05 0
57.9 2 0.000551 2.39e-05 0
58.3 2 0.000514 2.22e-05 0
58.7 2 0.000479 2.05e-05 0
59.1 2 0.000446 1.9e-05 0
59.5 2 0.000416 1.76e-05 0
59.9 2 0.000388 1.63e-05 0
60.3 2 0.000361 1.51e-05 0
60.7 2 0.000337 1.4e-05 0
61.1 2 0.000314 1.29e-05 0
61.5 2 0.000292 1.2e-05 0
61.9 2 0.000272 1.11e-05 0
62.3 2 0.000254 1.03e-05 0
62.7 2 0.000236 9.51e-06 0
63.1 2 0.00022 8.81e-06 0
63.5 2 0.000205 8.15e-06 0
63.9 2 0.000191 7.55e-06 0
64.3 2 0.000178 7e-06 0
64.7 2 0.000166 6.47e-06 0
65.1 2 0.000154 6e-06 0
65.5 2 0.000144 5.55e-06 0
65.9 2 0.000134 5.14e-06 0
66.3 2 0.000125 4.76e-06 0
66.7 2 0.000116 4.41e-06 0
67.1 2 0.000108 4.08e-06 0
67.5 2 0.000101 3.78e-06 0
67.9 2 9.39e-05 3.5e-06 0
68.3 2 8.75e-05 3.24e-06 0
68.7 2 8.15e-05 3e-06 0
69.1 2 7.59e-05 2.78e-06 0
69.5 2 7.06e-05 2.57e-06 0
69.9 2 6.58e-05 2.38e-06 0
70.3 2 6.12e-05 2.2e-06 0
70.7 2 5.7e-05 2.04e-06 0
71.1 2 5.31e-05 1.89e-06 0
71.5 2 4.94e-05 1.75e-06 0
71.9 2 4.6e-05 1.62e-06 0
72.3 2 4.28e-05 1.5e-06 0
72.7 2 3.99e-05 1.39e-06 0
73.1 2 3.71e-05 1.29e-06 0
73.5 2 3.46e-05 1.19e-06 0
73.9 2 3.22e-05 1.1e-06 0
74.3 2 2.99e-05 1.02e-06 0
74.7 2 2.79e-05 9.46e-07 0
75.1 2 2.59e-05 8.76e-07 0
75.5 2 2.41e-05 8.11e-07 0
75.9 2 2.25e-05 7.51e-07 0
76.3 2 2.09e-05 6.95e-07 0
76.7 2 1.95e-05 6.44e-07 0
77.1 2 1.81e-05 5.96e-07 0
77.5 2 1.69e-05 5.52e-07 0
77.9 2 1.57e-05 5.11e-07 0
78.3 2 1.46e-05 4.73e-07 0
78.7 2 1.36e-05 4.38e-07 0
79.1 2 1.26e-05 4.06e-07 0
79.5 2 1.18e-05 3.76e-07 0
79.9 2 1.09e-05 3.48e-07 0
80.3 2 1.02e-05 3.22e-07 0
80.7 2 9.48e-06 2.98e-07 0
81.1 2 8.82e-06 2.76e-07 0
81.5 2 8.2e-06 2.56e-07 0
81.9 2 7.63e-06 2.37e-07 0
82.3 2 7.1e-06 2.19e-07 0
82.7 2 6.61e-06 2.03e-07 0
83.1 2 6.15e-06 1.88e-07 0
83.5 2 5.72e-06 1.74e-07 0
83.9 2 5.32e-06 1.61e-07 0
84.3 2 4.95e-06 1.49e-07 0
84.7 2 4.6e-06 1.38e-07 0
85.1 2 4.28e-06 1.28e-07 0
85.5 2 3.98e-06 1.19e-07 0
85.9 2 3.7e-06 1.1e-07 0
86.3 2 3.45e-06 1.02e-07 0
86.7 2 3.21e-06 9.41e-08 0
87.1 2 2.98e-06 8.72e-08 0
87.5 2 2.77e-06 8.07e-08 0
87.9 2 2.58e-06 7.47e-08 0
88.3 2 2.4e-06 6.92e-08 0
88.7 2 2.23e-06 6.41e-08 0
89.1 2 2.08e-06 5.93e-08 0
89.5 2 1.93e-06 5.5e-08 0
89.9 2 1.79e-06 5.09e-08 0
90.3 2 1.67e-06 4.71e-08 0
90.7 2 1.55e-06 4.36e-08 0
91.1 2 1.44e-06 4.04e-08 0
91.5 2 1.34e-06 3.74e-08 0
91.9 2 1.25e-06 3.46e-08 0
92.3 2 1.16e-06 3.21e-08 0
92.7 2 1.08e-06 2.97e-08 0
93.1 2 1e-06 2.75e-08 0
93.5 2 9.33e-07 2.55e-08 0
93.9 2 8.67e-07 2.36e-08 0
94.3 2 8.06e-07 2.18e-08 0
94.7 2 7.5e-07 2.02e-08 0
95.1 2 6.97e-07 1.87e-08 0
95.5 2 6.46e-07 1.73e-08 0
95.9 2 5.97e-07 1.61e-08 0
96.3 2 5.51e-07 1.49e-08 0
96.7 2 5.09e-07 1.38e-08 0
97.1 2 4.71e-07 1.27e-08 0
97.5 2 4.37e-07 1.18e-08 0
97.9 2 4.07e-07 1.09e-08 0
98.3 2 3.83e-07 1.01e-08 0
98.7 2 3.64e-07 9.36e-09 0
99.1 2 3.5e-07 8.64e-09 0
99.5 2 3.42e-07 7.98e-09 0
99.9 2 3.39e-07 7.73e-09 0
