-15 0.158 0.541 1 0.0153
-14.6 0.168 0.565 1 0.0302
-14.2 0.178 0.589 1 0.0311
-13.8 0.189 0.613 1 0.032
-13.4 0.2 0.637 1 0.0328
-13 0.212 0.662 1 0.0335
-12.6 0.224 0.687 1 0.0343
-12.2 0.237 0.712 1 0.0363
-11.8 0.251 0.738 0.916 0.037
-11.4 0.265 0.764 0.91 0.0376
-11 0.28 0.79 0.904 0.0382
-10.6 0.295 0.817 0.899 0.0388
-10.2 0.311 0.843 0.893 0.0406
-9.8 0.328 0.87 0.886 0.0423
-9.4 0.346 0.897 0.879 0.0427
-9 0.364 0.926 0.872 0.0432
-8.6 0.383 0.956 0.864 0.0436
-8.2 0.402 0.985 0.856 0.044
-7.8 0.422 1.01 0.848 0.0455
-7.4 0.443 1.04 0.839 0.047
-7 0.465 1.07 0.83 0.0473
-6.6 0.487 1.09 0.82 0.0477
-6.2 0.51 1.11 0.81 0.048
-5.8 0.533 1.12 0.799 0.0483
-5.4 0.557 1.13 0.789 0.0496
-5 0.582 1.14 0.779 0.0499
-4.6 0.607 1.14 0.757 0.0483
6.9 1.41 1.14 0.323 0.0457
7.3 1.44 1.14 0.309 0.0369
7.7 1.46 1.13 0.294 0.0294
8.1 1.48 1.11 0.28 0.0365
8.5 1.51 1.09 0.267 0.0364
8.9 1.53 1.07 0.254 0.0289
9.3 1.55 1.05 0.242 0.0288
9.7 1.57 1.02 0.23 0.0287
10.1 1.59 0.993 0.218 0.0286
10.5 1.61 0.963 0.207 0.0284
10.9 1.63 0.933 0.197 0.0283
11.3 1.65 0.904 0.186 0.0282
11.7 1.67 0.877 0.176 0.0211
12.1 1.68 0.85 0.167 0.021
12.5 1.7 0.823 0.158 0.0279
12.9 1.72 0.797 0.149 0.0209
13.3 1.73 0.77 0.141 0.0208
13.7 1.75 0.744 0.133 0.0208
14.1 1.76 0.718 0.126 0.0138
14.5 1.77 0.692 0.119 0.0206
14.9 1.79 0.667 0.112 0.0206
15.3 1.8 0.642 0.105 0.0137
15.7 1.81 0.617 0.0993 0.0137
16.1 1.82 0.593 0.0935 0.0137
16.5 1.83 0.57 0.0881 0.0136
16.9 1.84 0.547 0.0828 0.0136
17.3 1.85 0.525 0.0779 0.0136
17.7 1.86 0.503 0.0732 0.0136
18.1 1.87 0.482 0.0689 0.00677
18.5 1.87 0.462 0.0648 0.00676
18.9 1.88 0.442 0.0609 0.0135
19.3 1.89 0.423 0.0572 0.00675
19.7 1.89 0.404 0.0537 0.00673
20.1 1.9 0.386 0.0504 0.0135
20.5 1.91 0.369 0.0473 0.00672
20.9 1.91 0.352 0.0444 0.00671
21.3 1.92 0.336 0.0416 0.00671
21.7 1.92 0.32 0.0391 0.0067
22.1 1.93 0.305 0.0367 0.0067
22.5 1.93 0.291 0.0344 0.00669
22.9 1.94 0.277 0.0322 0.00669
23.3 1.94 0.264 0.0302 0
23.7 1.94 0.251 0.0283 0.00668
24.1 1.95 0.239 0.0265 0.00668
24.5 1.95 0.227 0.0249 0
24.9 1.95 0.216 0.0233 0.00666
25.3 1.96 0.205 0.0218 0.00666
25.7 1.96 0.195 0.0205 0
26.1 1.96 0.185 0.0192 0
26.5 1.96 0.176 0.018 0.00665
26.9 1.97 0.167 0.0168 0.00665
27.3 1.97 0.159 0.0158 0
27.7 1.97 0.151 0.0148 0
28.1 1.97 0.143 0.0138 0
28.5 1.97 0.136 0.0129 0.00664
28.9 1.98 0.129 0.0121 0.00664
29.3 1.98 0.122 0.0113 0
29.7 1.98 0.116 0.0106 0
30.1 1.98 0.11 0.00994 0
30.5 1.98 0.104 0.0093 0
30.9 1.98 0.0983 0.00871 0
31.3 1.98 0.0931 0.00815 0.00663
31.7 1.99 0.0881 0.00763 0.00663
32.1 1.99 0.0834 0.00715 0
32.5 1.99 0.079 0.00668 0
32.9 1.99 0.0748 0.00625 0
33.3 1.99 0.0708 0.00585 0
33.7 1.99 0.067 0.00548 0
34.1 1.99 0.0644 0.00513 0
34.5 1.99 0.0615 0.0048 0
34.9 1.99 0.0583 0.0045 0
35.3 1.99 0.0549 0.00421 0
35.7 1.99 0.0513 0.00394 0
36.1 1.99 0.0476 0.00369 0
36.5 1.99 0.0438 0.00345 0
36.9 1.99 0.0399 0.00323 0
37.3 1.99 0.0361 0.00302 0
37.7 1.99 0.0324 0.00282 0
38.1 1.99 0.0287 0.00272 0.00662
38.5 2 0.0251 0.00205 0.00662
47.1 2 0.0218 0.0012 0
47.5 2 0.0186 0.000541 0
47.9 2 0.0156 0.000417 0
48.3 2 0.0129 0.000484 0
48.7 2 0.0105 0.000452 0
49.1 2 0.00846 0.000423 0
49.5 2 0.00671 0.000396 0
49.9 2 0.00532 0.00037 0
50.3 2 0.00432 0.000346 0
50.7 2 0.00372 0.000324 0
51.1 2 0.00354 0.000303 0
51.5 2 0.0038 0.000284 0
51.9 2 0.00453 0.000265 0
52.3 2 0.00457 0.000248 0
52.7 2 0.00431 0.000232 0
53.1 2 0.00406 0.000217 0
53.5 2 0.00383 0.000203 0
53.9 2 0.0036 0.00019 0
54.3 2 0.0034 0.000178 0
54.7 2 0.0032 0.000166 0
55.1 2 0.00301 0.000156 0
55.5 2 0.00284 0.000146 0
55.9 2 0.00267 0.000136 0
56.3 2 0.00252 0.000128 0
56.7 2 0.00237 0.000119 0
57.1 2 0.00223 0.000112 0
57.5 2 0.0021 0.000104 0
57.9 2 0.00198 9.77e-05 0
58.3 2 0.00186 9.14e-05 0
58.7 2 0.00176 8.55e-05 0
59.1 2 0.00165 8e-05 0
59.5 2 0.00156 7.48e-05 0
59.9 2 0.00147 7e-05 0
60.3 2 0.00138 6.55e-05 0
60.7 2 0.0013 6.13e-05 0
61.1 2 0.00122 5.73e-05 0
61.5 2 0.00115 5.36e-05 0
61.9 2 0.00108 5.01e-05 0
62.3 2 0.00102 4.69e-05 0
62.7 2 0.00096 4.39e-05 0
63.1 2 0.000904 4.1e-05 0
63.5 2 0.000851 3.84e-05 0
63.9 2 0.0008 3.59e-05 0
64.3 2 0.000753 3.36e-05 0
64.7 2 0.000709 3.14e-05 0
65.1 2 0.000667 2.94e-05 0
65.5 2 0.000628 2.75e-05 0
65.9 2 0.000591 2.57e-05 0
66.3 2 0.000556 2.41e-05 0
66.7 2 0.000523 2.25e-05 0
67.1 2 0.000492 2.11e-05 0
67.5 2 0.000463 1.97e-05 0
67.9 2 0.000436 1.84e-05 0
68.3 2 0.00041 1.73e-05 0
68.7 2 0.000385 1.61e-05 0
69.1 2 0.000363 1.51e-05 0
69.5 2 0.000341 1.41e-05 0
69.9 2 0.000321 1.32e-05 0
70.3 2 0.000302 1.24e-05 0
70.7 2 0.000284 1.16e-05 0
71.1 2 0.000267 1.08e-05 0
71.5 2 0.000251 1.01e-05 0
71.9 2 0.000236 9.46e-06 0
72.3 2 0.000222 8.85e-06 0
72.7 2 0.000209 8.29e-06 0
73.1 2 0.000196 7.76e-06 0
73.5 2 0.000185 7.26e-06 0
73.9 2 0.000174 6.79e-06 0
74.3 2 0.000163 6.35e-06 0
74.7 2 0.000154 5.94e-06 0
75.1 2 0.000144 5.56e-06 0
75.5 2 0.000136 5.2e-06 0
75.9 2 0.000128 4.86e-06 0
76.3 2 0.00012 4.55e-06 0
76.7 2 0.000113 4.25e-06 0
77.1 2 0.000106 3.98e-06 0
77.5 2 9.98e-05 3.72e-06 0
77.9 2 9.39e-05 3.48e-06 0
78.3 2 8.82e-05 3.26e-06 0
78.7 2 8.3e-05 3.05e-06 0
79.1 2 7.8e-05 2.85e-06 0
79.5 2 7.33e-05 2.67e-06 0
79.9 2 6.89e-05 2.5e-06 0
80.3 2 6.48e-05 2.34e-06 0
80.7 2 6.09e-05 2.19e-06 0
81.1 2 5.72e-05 2.04e-06 0
81.5 2 5.38e-05 1.91e-06 0
81.9 2 5.06e-05 1.79e-06 0
82.3 2 4.75e-05 1.67e-06 0
82.7 2 4.47e-05 1.57e-06 0
83.1 2 4.2e-05 1.46e-06 0
83.5 2 3.95e-05 1.37e-06 0
83.9 2 3.71e-05 1.28e-06 0
84.3 2 3.48e-05 1.2e-06 0
84.7 2 3.27e-05 1.12e-06 0
85.1 2 3.08e-05 1.05e-06 0
85.5 2 2.89e-05 9.82e-07 0
85.9 2 2.72e-05 9.19e-07 0
86.3 2 2.55e-05 8.6e-07 0
86.7 2 2.4e-05 8.03e-07 0
87.1 2 2.26e-05 7.51e-07 0
87.5 2 2.12e-05 7.03e-07 0
87.9 2 1.99e-05 6.58e-07 0
88.3 2 1.87e-05 6.15e-07 0
88.7 2 1.76e-05 5.75e-07 0
89.1 2 1.65e-05 5.39e-07 0
89.5 2 1.55e-05 5.04e-07 0
89.9 2 1.46e-05 4.72e-07 0
90.3 2 1.37e-05 4.41e-07 0
90.7 2 1.29e-05 4.13e-07 0
91.1 2 1.21e-05 3.86e-07 0
91.5 2 1.14e-05 3.61e-07 0
91.9 2 1.07e-05 3.38e-07 0
92.3 2 1e-05 3.16e-07 0
92.7 2 9.42e-06 2.96e-07 0
93.1 2 8.85e-06 2.77e-07 0
93.5 2 8.31e-06 2.59e-07 0
93.9 2 7.81e-06 2.42e-07 0
94.3 2 7.34e-06 2.26e-07 0
94.7 2 6.89e-06 2.12e-07 0
95.1 2 6.47e-06 1.98e-07 0
95.5 2 6.06e-06 1.85e-07 0
95.9 2 5.66e-06 1.74e-07 0
96.3 2 5.28e-06 1.62e-07 0
96.7 2 4.93e-06 1.52e-07 0
97.1 2 4.61e-06 1.42e-07 0
97.5 2 4.32e-06 1.33e-07 0
97.9 2 4.07e-06 1.24e-07 0
98.3 2 3.87e-06 1.16e-07 0
98.7 2 3.7e-06 1.09e-07 0
99.1 2 3.58e-06 1.01e-07 0
99.5 2 3.51e-06 9.46e-08 0
99.9 2 3.49e-06 9.19e-08 0
